# Force         
# CofR          : (0.00000000e+00 0.00000000e+00 0.00000000e+00)
#
# Time          	(total_x total_y total_z)	(pressure_x pressure_y pressure_z)	(viscous_x viscous_y viscous_z)
1               	(1.55634243e-07 2.54765811e-07 5.74598226e-04)	(1.21416712e-07 3.36065805e-07 1.16857972e-04)	(3.42175313e-08 -8.12999942e-08 4.57740254e-04)
2               	(1.50224640e-07 4.84264953e-07 6.05417926e-04)	(7.64149165e-08 9.81540496e-07 1.97409110e-04)	(7.38097233e-08 -4.97275543e-07 4.08008815e-04)
3               	(1.17668437e-07 4.83912144e-07 5.73626092e-04)	(5.28521128e-08 1.16006804e-06 1.93661082e-04)	(6.48163243e-08 -6.76155893e-07 3.79965010e-04)
4               	(5.58702307e-08 -5.45308068e-08 4.92241703e-04)	(9.24553381e-09 7.38126764e-07 1.33522085e-04)	(4.66246969e-08 -7.92657570e-07 3.58719618e-04)
5               	(-1.86962095e-09 -7.35298635e-07 4.19628855e-04)	(-2.42047422e-08 1.28092788e-07 7.83193047e-05)	(2.23351212e-08 -8.63391424e-07 3.41309550e-04)
6               	(-3.54216032e-08 -1.18897514e-06 3.90237236e-04)	(-3.05280873e-08 -2.85862552e-07 6.36290863e-05)	(-4.89351597e-09 -9.03112587e-07 3.26608150e-04)
7               	(-3.88815079e-08 -1.28735793e-06 3.99011235e-04)	(-6.14897601e-09 -3.67133215e-07 8.49982866e-05)	(-3.27325319e-08 -9.20224719e-07 3.14012948e-04)
8               	(-4.18125074e-08 -1.17623344e-06 4.18763409e-04)	(2.32621047e-08 -2.54937552e-07 1.15630273e-04)	(-6.50746121e-08 -9.21295889e-07 3.03133135e-04)
9               	(-7.15478161e-08 -1.04655224e-06 4.25487432e-04)	(2.61103725e-08 -1.33015473e-07 1.31817241e-04)	(-9.76581887e-08 -9.13536771e-07 2.93670191e-04)
10              	(-1.40279991e-07 -1.00949991e-06 4.12968326e-04)	(-1.34352334e-08 -1.10257039e-07 1.27581015e-04)	(-1.26844757e-07 -8.99242869e-07 2.85387311e-04)
11              	(-2.30688789e-07 -1.05691102e-06 3.90442634e-04)	(-8.22772519e-08 -1.74811510e-07 1.12342140e-04)	(-1.48411537e-07 -8.82099510e-07 2.78100494e-04)
12              	(-3.27348956e-07 -1.12403099e-06 3.71275318e-04)	(-1.64706071e-07 -2.61832863e-07 9.96108789e-05)	(-1.62642885e-07 -8.62198123e-07 2.71664439e-04)
13              	(-4.01116037e-07 -1.18170634e-06 3.62496074e-04)	(-2.30152433e-07 -3.40732908e-07 9.65459446e-05)	(-1.70963604e-07 -8.40973432e-07 2.65950130e-04)
14              	(-4.45981193e-07 -1.20174664e-06 3.62149176e-04)	(-2.69572449e-07 -3.81542404e-07 1.01301308e-04)	(-1.76408744e-07 -8.20204232e-07 2.60847868e-04)
15              	(-4.61984397e-07 -1.17887459e-06 3.63656750e-04)	(-2.80051205e-07 -3.78320797e-07 1.07387059e-04)	(-1.81933192e-07 -8.00553795e-07 2.56269690e-04)
16              	(-4.61554850e-07 -1.14958092e-06 3.61563991e-04)	(-2.73337129e-07 -3.67958506e-07 1.09423875e-04)	(-1.88217722e-07 -7.81622418e-07 2.52140116e-04)
17              	(-4.59978446e-07 -1.13512109e-06 3.54972509e-04)	(-2.64217674e-07 -3.71064951e-07 1.06568275e-04)	(-1.95760772e-07 -7.64056143e-07 2.48404234e-04)
18              	(-4.62891473e-07 -1.12604639e-06 3.46466778e-04)	(-2.58251705e-07 -3.78879736e-07 1.01442336e-04)	(-2.04639768e-07 -7.47166649e-07 2.45024442e-04)
19              	(-4.69121721e-07 -1.12483260e-06 3.39309515e-04)	(-2.55691158e-07 -3.93736603e-07 9.73389063e-05)	(-2.13430563e-07 -7.31095997e-07 2.41970608e-04)
20              	(-4.68472255e-07 -1.14224019e-06 3.34819545e-04)	(-2.46536493e-07 -4.27114243e-07 9.56041304e-05)	(-2.21935763e-07 -7.15125949e-07 2.39215415e-04)
21              	(-4.63992154e-07 -1.14982920e-06 3.32264801e-04)	(-2.34375209e-07 -4.50685105e-07 9.55337605e-05)	(-2.29616945e-07 -6.99144097e-07 2.36731041e-04)
22              	(-4.45360102e-07 -1.15274368e-06 3.29940397e-04)	(-2.08707997e-07 -4.69375318e-07 9.54492556e-05)	(-2.36652106e-07 -6.83368361e-07 2.34491142e-04)
23              	(-4.22890807e-07 -1.13476248e-06 3.26693206e-04)	(-1.79297611e-07 -4.66818622e-07 9.42214910e-05)	(-2.43593195e-07 -6.67943863e-07 2.32471715e-04)
24              	(-3.88475799e-07 -1.09802530e-06 3.22482440e-04)	(-1.38333312e-07 -4.44817322e-07 9.18299717e-05)	(-2.50142487e-07 -6.53207974e-07 2.30652468e-04)
25              	(-3.46224086e-07 -1.06934720e-06 3.18037079e-04)	(-8.93178390e-08 -4.29955045e-07 8.90226169e-05)	(-2.56906247e-07 -6.39392152e-07 2.29014462e-04)
26              	(-3.08406706e-07 -1.04956744e-06 3.14104301e-04)	(-4.46353064e-08 -4.22875795e-07 8.65612896e-05)	(-2.63771399e-07 -6.26691643e-07 2.27543012e-04)
27              	(-2.70815010e-07 -1.04872793e-06 3.10893934e-04)	(3.55279670e-10 -4.33738764e-07 8.46715244e-05)	(-2.71170289e-07 -6.14989169e-07 2.26222410e-04)
28              	(-2.44106938e-07 -1.04329260e-06 3.08088523e-04)	(3.46680147e-08 -4.39216079e-07 8.30510310e-05)	(-2.78774953e-07 -6.04076519e-07 2.25037492e-04)
29              	(-2.27746940e-07 -1.02005097e-06 3.05241816e-04)	(5.88583500e-08 -4.26624446e-07 8.12669430e-05)	(-2.86605290e-07 -5.93426529e-07 2.23974873e-04)
30              	(-2.12851054e-07 -9.87588424e-07 3.02131589e-04)	(8.14497494e-08 -4.04295379e-07 7.91090947e-05)	(-2.94300803e-07 -5.83293045e-07 2.23022495e-04)
31              	(-2.04362144e-07 -9.43896261e-07 2.98880870e-04)	(9.73658860e-08 -3.70616900e-07 7.67125316e-05)	(-3.01728030e-07 -5.73279361e-07 2.22168338e-04)
32              	(-1.91412455e-07 -8.97131630e-07 2.95739689e-04)	(1.17470461e-07 -3.33787788e-07 7.43393790e-05)	(-3.08882916e-07 -5.63343842e-07 2.21400310e-04)
33              	(-1.81507867e-07 -8.36204729e-07 2.92782840e-04)	(1.33910545e-07 -2.83210495e-07 7.20762356e-05)	(-3.15418412e-07 -5.52994235e-07 2.20706604e-04)
34              	(-1.63891645e-07 -7.60572960e-07 2.89960010e-04)	(1.57136403e-07 -2.18724403e-07 6.98818745e-05)	(-3.21028049e-07 -5.41848557e-07 2.20078136e-04)
35              	(-1.30994462e-07 -6.66178046e-07 2.87148157e-04)	(1.94910264e-07 -1.36134977e-07 6.76431876e-05)	(-3.25904727e-07 -5.30043069e-07 2.19504970e-04)
36              	(-9.05574365e-08 -5.51062496e-07 2.84273988e-04)	(2.39287021e-07 -3.43260202e-08 6.52937867e-05)	(-3.29844458e-07 -5.16736475e-07 2.18980201e-04)
37              	(-5.76339807e-08 -4.25342662e-07 2.81294416e-04)	(2.75271171e-07 7.66076762e-08 6.27966936e-05)	(-3.32905152e-07 -5.01950338e-07 2.18497722e-04)
38              	(-3.43658313e-08 -2.94303880e-07 2.78284850e-04)	(3.00185552e-07 1.91960070e-07 6.02328026e-05)	(-3.34551384e-07 -4.86263950e-07 2.18052047e-04)
39              	(-6.53856518e-09 -1.47685910e-07 2.75439260e-04)	(3.28822245e-07 3.22386702e-07 5.77999605e-05)	(-3.35360810e-07 -4.70072612e-07 2.17639299e-04)
40              	(5.20034840e-08 1.40200471e-09 2.72867845e-04)	(3.87980570e-07 4.55238345e-07 5.56123857e-05)	(-3.35977086e-07 -4.53836340e-07 2.17255459e-04)
41              	(1.34875008e-07 1.54048604e-07 2.70553685e-04)	(4.71342024e-07 5.91851947e-07 5.36564498e-05)	(-3.36467016e-07 -4.37803343e-07 2.16897236e-04)
42              	(2.29624613e-07 2.98688869e-07 2.68331383e-04)	(5.66984660e-07 7.21396526e-07 5.17711730e-05)	(-3.37360046e-07 -4.22707657e-07 2.16560210e-04)
43              	(3.14171712e-07 4.16434338e-07 2.66114876e-04)	(6.53081105e-07 8.24078365e-07 4.98739560e-05)	(-3.38909392e-07 -4.07644027e-07 2.16240920e-04)
44              	(3.29883127e-07 5.04267582e-07 2.63931005e-04)	(6.69559495e-07 8.97038769e-07 4.79949588e-05)	(-3.39676369e-07 -3.92771187e-07 2.15936046e-04)
45              	(2.73368656e-07 5.95657295e-07 2.61941995e-04)	(6.12393943e-07 9.73903529e-07 4.63010233e-05)	(-3.39025288e-07 -3.78246234e-07 2.15640972e-04)
46              	(1.71748574e-07 7.40666496e-07 2.60292911e-04)	(5.08853487e-07 1.10581883e-06 4.49410166e-05)	(-3.37104913e-07 -3.65152338e-07 2.15351895e-04)
47              	(1.24610626e-07 9.45249953e-07 2.58941052e-04)	(4.58856151e-07 1.30058880e-06 4.38750428e-05)	(-3.34245525e-07 -3.55338846e-07 2.15066009e-04)
48              	(1.61294729e-07 1.16615102e-06 2.57667422e-04)	(4.92309386e-07 1.51503203e-06 4.28871594e-05)	(-3.31014657e-07 -3.48881010e-07 2.14780263e-04)
49              	(2.03756032e-07 1.33764600e-06 2.56369831e-04)	(5.31573497e-07 1.68290919e-06 4.18773372e-05)	(-3.27817465e-07 -3.45263190e-07 2.14492494e-04)
50              	(1.84519905e-07 1.49420440e-06 2.55102704e-04)	(5.08704032e-07 1.83830522e-06 4.09016257e-05)	(-3.24184127e-07 -3.44100829e-07 2.14201078e-04)
51              	(1.05002727e-07 1.72188625e-06 2.54001336e-04)	(4.25217503e-07 2.06562705e-06 4.00959052e-05)	(-3.20214776e-07 -3.43740807e-07 2.13905430e-04)
52              	(2.12327346e-08 2.01351989e-06 2.53155854e-04)	(3.36222282e-07 2.35781848e-06 3.95505171e-05)	(-3.14989547e-07 -3.44298598e-07 2.13605337e-04)
53              	(-2.28006361e-08 2.31011761e-06 2.52517854e-04)	(2.86895747e-07 2.65479974e-06 3.92169374e-05)	(-3.09696383e-07 -3.44682130e-07 2.13300917e-04)
54              	(-2.66420132e-08 2.52030017e-06 2.51998839e-04)	(2.78228502e-07 2.86622517e-06 3.90079109e-05)	(-3.04870516e-07 -3.45924995e-07 2.12990928e-04)
55              	(-2.87117368e-08 2.62028918e-06 2.51545270e-04)	(2.71845669e-07 2.96975399e-06 3.88706307e-05)	(-3.00557406e-07 -3.49464811e-07 2.12674640e-04)
56              	(-8.96870742e-08 2.67830723e-06 2.51202640e-04)	(2.08399320e-07 3.03152770e-06 3.88498768e-05)	(-2.98086394e-07 -3.53220462e-07 2.12352764e-04)
57              	(-2.08407045e-07 2.77552459e-06 2.50991023e-04)	(8.71708739e-08 3.13290531e-06 3.89666793e-05)	(-2.95577919e-07 -3.57380724e-07 2.12024344e-04)
58              	(-3.61243976e-07 2.92134369e-06 2.50852553e-04)	(-6.82643526e-08 3.28409717e-06 3.91635336e-05)	(-2.92979623e-07 -3.62753480e-07 2.11689019e-04)
59              	(-5.32179449e-07 3.07808814e-06 2.50686946e-04)	(-2.42661491e-07 3.44789556e-06 3.93402173e-05)	(-2.89517959e-07 -3.69807416e-07 2.11346729e-04)
60              	(-6.94307061e-07 3.19593372e-06 2.50404098e-04)	(-4.08377173e-07 3.57419531e-06 3.94053694e-05)	(-2.85929888e-07 -3.78261591e-07 2.10998729e-04)
61              	(-8.47748901e-07 3.21747135e-06 2.49993836e-04)	(-5.65452338e-07 3.60573128e-06 3.93478074e-05)	(-2.82296562e-07 -3.88259928e-07 2.10646028e-04)
62              	(-1.01701522e-06 3.15902140e-06 2.49495123e-04)	(-7.37630157e-07 3.55976490e-06 3.92058733e-05)	(-2.79385060e-07 -4.00743492e-07 2.10289250e-04)
63              	(-1.19344214e-06 3.06056912e-06 2.48932209e-04)	(-9.16475718e-07 3.47510061e-06 3.90006535e-05)	(-2.76966422e-07 -4.14531494e-07 2.09931556e-04)
64              	(-1.35419578e-06 2.95591918e-06 2.48289734e-04)	(-1.07819130e-06 3.38469591e-06 3.87142597e-05)	(-2.76004477e-07 -4.28776726e-07 2.09575475e-04)
65              	(-1.46424796e-06 2.83718529e-06 2.47596614e-04)	(-1.18797863e-06 3.28085856e-06 3.83738735e-05)	(-2.76269327e-07 -4.43673268e-07 2.09222740e-04)
66              	(-1.51723243e-06 2.65962197e-06 2.46914667e-04)	(-1.23866634e-06 3.11745838e-06 3.80390596e-05)	(-2.78566092e-07 -4.57836415e-07 2.08875608e-04)
67              	(-1.53399007e-06 2.41279516e-06 2.46282620e-04)	(-1.25271172e-06 2.88297773e-06 3.77456617e-05)	(-2.81278357e-07 -4.70182568e-07 2.08536958e-04)
68              	(-1.52951523e-06 2.10679653e-06 2.45722576e-04)	(-1.24662044e-06 2.58653177e-06 3.75134914e-05)	(-2.82894790e-07 -4.79735233e-07 2.08209084e-04)
69              	(-1.53622570e-06 1.77630443e-06 2.45249272e-04)	(-1.25252314e-06 2.26252233e-06 3.73551621e-05)	(-2.83702555e-07 -4.86217899e-07 2.07894110e-04)
70              	(-1.55646842e-06 1.47997956e-06 2.44879118e-04)	(-1.27356039e-06 1.97012185e-06 3.72852270e-05)	(-2.82908029e-07 -4.90142291e-07 2.07593891e-04)
71              	(-1.56919066e-06 1.24961210e-06 2.44621982e-04)	(-1.28893802e-06 1.74220415e-06 3.73120769e-05)	(-2.80252647e-07 -4.92592051e-07 2.07309905e-04)
72              	(-1.55197568e-06 1.08178849e-06 2.44481497e-04)	(-1.27565411e-06 1.57571124e-06 3.74378493e-05)	(-2.76321575e-07 -4.93922749e-07 2.07043647e-04)
73              	(-1.49271447e-06 9.61793354e-07 2.44459563e-04)	(-1.22245988e-06 1.45590226e-06 3.76644547e-05)	(-2.70254585e-07 -4.94108907e-07 2.06795109e-04)
74              	(-1.40465124e-06 8.58420189e-07 2.44552820e-04)	(-1.14264980e-06 1.35288796e-06 3.79879722e-05)	(-2.62001441e-07 -4.94467766e-07 2.06564848e-04)
75              	(-1.32140174e-06 7.55184981e-07 2.44722003e-04)	(-1.06945620e-06 1.25078525e-06 3.83694315e-05)	(-2.51945543e-07 -4.95600268e-07 2.06352572e-04)
76              	(-1.25889891e-06 6.57710760e-07 2.44944558e-04)	(-1.01910058e-06 1.15569672e-06 3.87850388e-05)	(-2.39798327e-07 -4.97985955e-07 2.06159519e-04)
77              	(-1.20976833e-06 5.89106319e-07 2.45217679e-04)	(-9.83354535e-07 1.09055187e-06 3.92312006e-05)	(-2.26413794e-07 -5.01445554e-07 2.05986479e-04)
78              	(-1.17228440e-06 5.67543247e-07 2.45576231e-04)	(-9.59566853e-07 1.07418646e-06 3.97424916e-05)	(-2.12717548e-07 -5.06643209e-07 2.05833740e-04)
79              	(-1.14357268e-06 5.86162027e-07 2.46083247e-04)	(-9.44313293e-07 1.09969964e-06 4.03821771e-05)	(-1.99259387e-07 -5.13537617e-07 2.05701070e-04)
80              	(-1.11838624e-06 6.22385608e-07 2.46763022e-04)	(-9.32189425e-07 1.14463601e-06 4.11755161e-05)	(-1.86196817e-07 -5.22250401e-07 2.05587506e-04)
81              	(-1.08786391e-06 6.66136435e-07 2.47593719e-04)	(-9.14173220e-07 1.19862275e-06 4.21007140e-05)	(-1.73690691e-07 -5.32486312e-07 2.05493005e-04)
82              	(-1.05616121e-06 7.12740351e-07 2.48536264e-04)	(-8.94442574e-07 1.25699872e-06 4.31185951e-05)	(-1.61718637e-07 -5.44258365e-07 2.05417669e-04)
83              	(-1.02634368e-06 7.58352350e-07 2.49561397e-04)	(-8.75918258e-07 1.31610718e-06 4.42000394e-05)	(-1.50425422e-07 -5.57754832e-07 2.05361358e-04)
84              	(-1.00122227e-06 8.04281774e-07 2.50639674e-04)	(-8.61135668e-07 1.37621588e-06 4.53153693e-05)	(-1.40086605e-07 -5.71934102e-07 2.05324304e-04)
85              	(-9.81675002e-07 8.51462790e-07 2.51772255e-04)	(-8.51252603e-07 1.43756670e-06 4.64659821e-05)	(-1.30422399e-07 -5.86103915e-07 2.05306273e-04)
86              	(-9.62010076e-07 9.01285150e-07 2.52994505e-04)	(-8.41190898e-07 1.50166140e-06 4.76869606e-05)	(-1.20819179e-07 -6.00376250e-07 2.05307544e-04)
87              	(-9.40980243e-07 9.48221380e-07 2.54357670e-04)	(-8.29873074e-07 1.56282308e-06 4.90298078e-05)	(-1.11107169e-07 -6.14601695e-07 2.05327862e-04)
88              	(-9.23533224e-07 9.93084067e-07 2.55875997e-04)	(-8.22410785e-07 1.62100214e-06 5.05094785e-05)	(-1.01122438e-07 -6.27918071e-07 2.05366519e-04)
89              	(-9.10026451e-07 1.03444351e-06 2.57531962e-04)	(-8.19749561e-07 1.67466641e-06 5.21093016e-05)	(-9.02768902e-08 -6.40222897e-07 2.05422661e-04)
90              	(-9.05772505e-07 1.07244906e-06 2.59318804e-04)	(-8.26999561e-07 1.72398389e-06 5.38235012e-05)	(-7.87729437e-08 -6.51534828e-07 2.05495303e-04)
91              	(-9.14372938e-07 1.11266457e-06 2.61229405e-04)	(-8.47906269e-07 1.77426840e-06 5.56460834e-05)	(-6.64666690e-08 -6.61603829e-07 2.05583322e-04)
92              	(-9.33075169e-07 1.16135836e-06 2.63255382e-04)	(-8.79671792e-07 1.83226345e-06 5.75698577e-05)	(-5.34033772e-08 -6.70905088e-07 2.05685524e-04)
93              	(-9.53530758e-07 1.21992791e-06 2.65387648e-04)	(-9.13582715e-07 1.89879584e-06 5.95866733e-05)	(-3.99480438e-08 -6.78867930e-07 2.05800974e-04)
94              	(-9.74213655e-07 1.28861799e-06 2.67608813e-04)	(-9.48590852e-07 1.97422382e-06 6.16801346e-05)	(-2.56228032e-08 -6.85605829e-07 2.05928678e-04)
95              	(-1.00107001e-06 1.36711852e-06 2.69929363e-04)	(-9.90371588e-07 2.05828857e-06 6.38621213e-05)	(-1.06984221e-08 -6.91170046e-07 2.06067242e-04)
96              	(-1.03530529e-06 1.45150616e-06 2.72336704e-04)	(-1.04012055e-06 2.14691461e-06 6.61213814e-05)	(4.81526328e-09 -6.95408442e-07 2.06215322e-04)
97              	(-1.07821567e-06 1.53524534e-06 2.74807793e-04)	(-1.09925907e-06 2.23341698e-06 6.84356072e-05)	(2.10434013e-08 -6.98171648e-07 2.06372186e-04)
98              	(-1.12715271e-06 1.61388372e-06 2.77339403e-04)	(-1.16487436e-06 2.31380102e-06 7.08024666e-05)	(3.77216474e-08 -6.99917302e-07 2.06536937e-04)
99              	(-1.17566694e-06 1.69077598e-06 2.79913256e-04)	(-1.22995401e-06 2.39132362e-06 7.32044268e-05)	(5.42870723e-08 -7.00547641e-07 2.06708829e-04)
100             	(-1.22216829e-06 1.77740095e-06 2.82531661e-04)	(-1.29317838e-06 2.47718054e-06 7.56444304e-05)	(7.10100882e-08 -6.99779589e-07 2.06887231e-04)
101             	(-1.26853417e-06 1.87558617e-06 2.85186042e-04)	(-1.35594512e-06 2.57348952e-06 7.81146207e-05)	(8.74109502e-08 -6.97903355e-07 2.07071421e-04)
102             	(-1.31199879e-06 1.98214470e-06 2.87870171e-04)	(-1.41475458e-06 2.67722447e-06 8.06097477e-05)	(1.02755796e-07 -6.95079762e-07 2.07260424e-04)
103             	(-1.35193942e-06 2.08899126e-06 2.90579273e-04)	(-1.46900987e-06 2.78084899e-06 8.31261275e-05)	(1.17070447e-07 -6.91857728e-07 2.07453146e-04)
104             	(-1.38906483e-06 2.18682589e-06 2.93293409e-04)	(-1.51967631e-06 2.87515633e-06 8.56453301e-05)	(1.30611480e-07 -6.88330443e-07 2.07648079e-04)
105             	(-1.41731400e-06 2.27299708e-06 2.95991975e-04)	(-1.56030390e-06 2.95771295e-06 8.81481044e-05)	(1.42989901e-07 -6.84715867e-07 2.07843870e-04)
106             	(-1.43072547e-06 2.34858686e-06 2.98646767e-04)	(-1.58498146e-06 3.02937845e-06 9.06071509e-05)	(1.54255987e-07 -6.80791590e-07 2.08039616e-04)
107             	(-1.43399679e-06 2.41034956e-06 3.01231031e-04)	(-1.59836274e-06 3.08746436e-06 9.29968221e-05)	(1.64365951e-07 -6.77114796e-07 2.08234209e-04)
108             	(-1.43948295e-06 2.45510442e-06 3.03715472e-04)	(-1.61283268e-06 3.12885508e-06 9.52885994e-05)	(1.73349727e-07 -6.73750661e-07 2.08426873e-04)
109             	(-1.45461131e-06 2.48843238e-06 3.06079823e-04)	(-1.63587134e-06 3.15899431e-06 9.74632116e-05)	(1.81260022e-07 -6.70561927e-07 2.08616612e-04)
110             	(-1.47281367e-06 2.51534680e-06 3.08304609e-04)	(-1.66057334e-06 3.18311696e-06 9.95018600e-05)	(1.87759671e-07 -6.67770164e-07 2.08802749e-04)
111             	(-1.48390524e-06 2.54129952e-06 3.10356952e-04)	(-1.67717864e-06 3.20664283e-06 1.01372627e-04)	(1.93273402e-07 -6.65343311e-07 2.08984325e-04)
112             	(-1.48402615e-06 2.56631995e-06 3.12220642e-04)	(-1.68175155e-06 3.22982741e-06 1.03059799e-04)	(1.97725400e-07 -6.63507458e-07 2.09160844e-04)
113             	(-1.47769872e-06 2.58282926e-06 3.13880952e-04)	(-1.67909149e-06 3.24528188e-06 1.04549253e-04)	(2.01392768e-07 -6.62452623e-07 2.09331699e-04)
114             	(-1.47009089e-06 2.58876938e-06 3.15335628e-04)	(-1.67423465e-06 3.25051423e-06 1.05839321e-04)	(2.04143764e-07 -6.61744849e-07 2.09496307e-04)
115             	(-1.46179393e-06 2.58039887e-06 3.16583390e-04)	(-1.66801460e-06 3.24177319e-06 1.06928755e-04)	(2.06220663e-07 -6.61374324e-07 2.09654635e-04)
116             	(-1.45348480e-06 2.56229365e-06 3.17622919e-04)	(-1.66108243e-06 3.22351745e-06 1.07816516e-04)	(2.07597630e-07 -6.61223798e-07 2.09806403e-04)
117             	(-1.43924152e-06 2.54375298e-06 3.18474595e-04)	(-1.64745041e-06 3.20489570e-06 1.08523081e-04)	(2.08208890e-07 -6.61142716e-07 2.09951514e-04)
118             	(-1.42354303e-06 2.52509310e-06 3.19150323e-04)	(-1.63164376e-06 3.18591746e-06 1.09060345e-04)	(2.08100731e-07 -6.60824358e-07 2.10089977e-04)
119             	(-1.40731987e-06 2.50482272e-06 3.19674578e-04)	(-1.61461600e-06 3.16474940e-06 1.09452961e-04)	(2.07296129e-07 -6.59926678e-07 2.10221618e-04)
120             	(-1.39269449e-06 2.47875387e-06 3.20073520e-04)	(-1.59842721e-06 3.13711651e-06 1.09727065e-04)	(2.05732722e-07 -6.58362635e-07 2.10346455e-04)
121             	(-1.38046117e-06 2.44961627e-06 3.20354993e-04)	(-1.58390723e-06 3.10543636e-06 1.09890404e-04)	(2.03446059e-07 -6.55820087e-07 2.10464589e-04)
122             	(-1.37410659e-06 2.42169557e-06 3.20520076e-04)	(-1.57453501e-06 3.07394161e-06 1.09944179e-04)	(2.00428420e-07 -6.52246034e-07 2.10575896e-04)
123             	(-1.36868728e-06 2.39702999e-06 3.20568744e-04)	(-1.56523665e-06 3.04440365e-06 1.09888400e-04)	(1.96549373e-07 -6.47373662e-07 2.10680344e-04)
124             	(-1.36638338e-06 2.37929696e-06 3.20499050e-04)	(-1.55819294e-06 3.02038615e-06 1.09721211e-04)	(1.91809560e-07 -6.41089192e-07 2.10777838e-04)
125             	(-1.36531938e-06 2.36578054e-06 3.20320546e-04)	(-1.55162893e-06 2.99923664e-06 1.09452376e-04)	(1.86309552e-07 -6.33456099e-07 2.10868170e-04)
126             	(-1.35708228e-06 2.35886830e-06 3.20035944e-04)	(-1.53698988e-06 2.98324555e-06 1.09084926e-04)	(1.79907594e-07 -6.24377242e-07 2.10951018e-04)
127             	(-1.33552794e-06 2.35483413e-06 3.19627753e-04)	(-1.50818611e-06 2.96874275e-06 1.08601818e-04)	(1.72658172e-07 -6.13908624e-07 2.11025934e-04)
128             	(-1.30561847e-06 2.34973602e-06 3.19078158e-04)	(-1.47019769e-06 2.95181504e-06 1.07985712e-04)	(1.64579215e-07 -6.02079024e-07 2.11092446e-04)
129             	(-1.27317234e-06 2.34533156e-06 3.18395803e-04)	(-1.42884885e-06 2.93434327e-06 1.07245693e-04)	(1.55676514e-07 -5.89011716e-07 2.11150110e-04)
130             	(-1.24745478e-06 2.34811085e-06 3.17576065e-04)	(-1.39357965e-06 2.92297552e-06 1.06377373e-04)	(1.46124863e-07 -5.74864674e-07 2.11198692e-04)
131             	(-1.22672574e-06 2.36427642e-06 3.16627178e-04)	(-1.36271287e-06 2.92399818e-06 1.05389141e-04)	(1.35987131e-07 -5.59721761e-07 2.11238036e-04)
132             	(-1.20841271e-06 2.38330079e-06 3.15528197e-04)	(-1.33367210e-06 2.92707385e-06 1.04260049e-04)	(1.25259396e-07 -5.43773063e-07 2.11268148e-04)
133             	(-1.18999410e-06 2.40252155e-06 3.14273075e-04)	(-1.30376186e-06 2.92981389e-06 1.02984079e-04)	(1.13767758e-07 -5.27292343e-07 2.11288995e-04)
134             	(-1.17008840e-06 2.42206977e-06 3.12855681e-04)	(-1.27189671e-06 2.93254749e-06 1.01555200e-04)	(1.01808312e-07 -5.10477720e-07 2.11300481e-04)
135             	(-1.14913468e-06 2.44106849e-06 3.11298065e-04)	(-1.23860323e-06 2.93453475e-06 9.99954437e-05)	(8.94685563e-08 -4.93466261e-07 2.11302621e-04)
136             	(-1.12688964e-06 2.47013473e-06 3.09612874e-04)	(-1.20382827e-06 2.94656618e-06 9.83173966e-05)	(7.69386307e-08 -4.76431449e-07 2.11295477e-04)
137             	(-1.10204269e-06 2.50368523e-06 3.07815314e-04)	(-1.16639446e-06 2.96331350e-06 9.65361187e-05)	(6.43517638e-08 -4.59628271e-07 2.11279195e-04)
138             	(-1.07758311e-06 2.53626061e-06 3.05908904e-04)	(-1.12956445e-06 2.97948378e-06 9.46549154e-05)	(5.19813331e-08 -4.43223164e-07 2.11253989e-04)
139             	(-1.04803693e-06 2.57196006e-06 3.03909822e-04)	(-1.08797593e-06 2.99909881e-06 9.26898052e-05)	(3.99390040e-08 -4.27138753e-07 2.11220017e-04)
140             	(-1.02776821e-06 2.60229888e-06 3.01824783e-04)	(-1.05607664e-06 3.01371948e-06 9.06471878e-05)	(2.83084293e-08 -4.11420600e-07 2.11177595e-04)
141             	(-1.02651196e-06 2.63677190e-06 2.99679054e-04)	(-1.04342193e-06 3.03285633e-06 8.85518747e-05)	(1.69099698e-08 -3.96084436e-07 2.11127179e-04)
142             	(-1.01845649e-06 2.66748664e-06 2.97512063e-04)	(-1.02436043e-06 3.04866073e-06 8.64428550e-05)	(5.90393753e-09 -3.81174087e-07 2.11069208e-04)
143             	(-1.00745832e-06 2.70595594e-06 2.95318557e-04)	(-1.00284694e-06 3.07269096e-06 8.43142152e-05)	(-4.61137993e-09 -3.66735022e-07 2.11004342e-04)
144             	(-1.00296919e-06 2.74339197e-06 2.93074355e-04)	(-9.88367919e-07 3.09609385e-06 8.21412131e-05)	(-1.46012745e-08 -3.52701879e-07 2.10933142e-04)
145             	(-1.00955290e-06 2.77352781e-06 2.90832322e-04)	(-9.85483483e-07 3.11254515e-06 7.99762209e-05)	(-2.40694191e-08 -3.39017336e-07 2.10856101e-04)
146             	(-1.01916571e-06 2.80148655e-06 2.88612108e-04)	(-9.86160176e-07 3.12707949e-06 7.78383841e-05)	(-3.30055348e-08 -3.25592934e-07 2.10773724e-04)
147             	(-1.03709255e-06 2.82867164e-06 2.86417631e-04)	(-9.95741967e-07 3.14125137e-06 7.57311196e-05)	(-4.13505819e-08 -3.12579723e-07 2.10686512e-04)
148             	(-1.05894981e-06 2.84710053e-06 2.84275912e-04)	(-1.00973639e-06 3.14714256e-06 7.36808882e-05)	(-4.92134201e-08 -3.00042028e-07 2.10595024e-04)
149             	(-1.09115603e-06 2.86617778e-06 2.82185970e-04)	(-1.03462119e-06 3.15408607e-06 7.16861989e-05)	(-5.65348371e-08 -2.87908293e-07 2.10499771e-04)
150             	(-1.13259584e-06 2.87780791e-06 2.80173877e-04)	(-1.06926673e-06 3.15390652e-06 6.97726839e-05)	(-6.33291139e-08 -2.76098611e-07 2.10401193e-04)
151             	(-1.18391132e-06 2.88246779e-06 2.78258721e-04)	(-1.11420975e-06 3.14720616e-06 6.79589529e-05)	(-6.97015706e-08 -2.64738373e-07 2.10299768e-04)
152             	(-1.24403728e-06 2.87745558e-06 2.76424764e-04)	(-1.16831167e-06 3.13138921e-06 6.62286074e-05)	(-7.57256112e-08 -2.53933633e-07 2.10196157e-04)
153             	(-1.31049580e-06 2.86408537e-06 2.74682966e-04)	(-1.22909404e-06 3.10797492e-06 6.45920260e-05)	(-8.14017651e-08 -2.43889548e-07 2.10090940e-04)
154             	(-1.37947238e-06 2.84911532e-06 2.73015342e-04)	(-1.29273989e-06 3.08384609e-06 6.30305881e-05)	(-8.67324928e-08 -2.34730770e-07 2.09984754e-04)
155             	(-1.43995798e-06 2.83973763e-06 2.71446632e-04)	(-1.34821865e-06 3.06629390e-06 6.15683563e-05)	(-9.17393334e-08 -2.26556272e-07 2.09878275e-04)
156             	(-1.49459105e-06 2.83770367e-06 2.70015148e-04)	(-1.39832069e-06 3.05724866e-06 6.02429902e-05)	(-9.62703576e-08 -2.19544989e-07 2.09772158e-04)
157             	(-1.55254253e-06 2.82817345e-06 2.68705063e-04)	(-1.45227180e-06 3.04190636e-06 5.90379403e-05)	(-1.00270731e-07 -2.13732912e-07 2.09667123e-04)
158             	(-1.61546911e-06 2.80573682e-06 2.67500347e-04)	(-1.51165700e-06 3.01490493e-06 5.79364458e-05)	(-1.03812111e-07 -2.09168113e-07 2.09563901e-04)
159             	(-1.68352605e-06 2.76571042e-06 2.66406456e-04)	(-1.57654502e-06 2.97158056e-06 5.69432828e-05)	(-1.06981029e-07 -2.05870141e-07 2.09463173e-04)
160             	(-1.74256665e-06 2.72653599e-06 2.65407424e-04)	(-1.63279469e-06 2.93041277e-06 5.60418608e-05)	(-1.09771958e-07 -2.03876781e-07 2.09365563e-04)
161             	(-1.78805965e-06 2.70270676e-06 2.64522330e-04)	(-1.67594524e-06 2.90586295e-06 5.52507379e-05)	(-1.12114414e-07 -2.03156186e-07 2.09271592e-04)
162             	(-1.81541968e-06 2.69074358e-06 2.63758416e-04)	(-1.70149659e-06 2.89439452e-06 5.45767200e-05)	(-1.13923085e-07 -2.03650931e-07 2.09181696e-04)
163             	(-1.83349820e-06 2.67489562e-06 2.63084646e-04)	(-1.71840057e-06 2.88027445e-06 5.39884501e-05)	(-1.15097630e-07 -2.05378835e-07 2.09096196e-04)
164             	(-1.86291302e-06 2.64636810e-06 2.62499459e-04)	(-1.74724489e-06 2.85469047e-06 5.34841435e-05)	(-1.15668131e-07 -2.08322363e-07 2.09015315e-04)
165             	(-1.90135324e-06 2.61170312e-06 2.61984106e-04)	(-1.78564104e-06 2.82420327e-06 5.30448878e-05)	(-1.15712202e-07 -2.12500143e-07 2.08939218e-04)
166             	(-1.93541755e-06 2.57720101e-06 2.61525908e-04)	(-1.82006248e-06 2.79510936e-06 5.26578952e-05)	(-1.15355067e-07 -2.17908353e-07 2.08868012e-04)
167             	(-1.96837454e-06 2.54689894e-06 2.61117007e-04)	(-1.85382103e-06 2.77132099e-06 5.23153051e-05)	(-1.14553510e-07 -2.24422054e-07 2.08801702e-04)
168             	(-1.99409921e-06 2.51539316e-06 2.60753413e-04)	(-1.88072399e-06 2.74737301e-06 5.20132288e-05)	(-1.13375215e-07 -2.31979847e-07 2.08740185e-04)
169             	(-2.02919869e-06 2.48039453e-06 2.60421942e-04)	(-1.91736417e-06 2.72092174e-06 5.17386614e-05)	(-1.11834523e-07 -2.40527213e-07 2.08683280e-04)
170             	(-2.06903524e-06 2.43553450e-06 2.60103823e-04)	(-1.95901788e-06 2.68560728e-06 5.14731167e-05)	(-1.10017360e-07 -2.50072776e-07 2.08630706e-04)
171             	(-2.12101614e-06 2.38958875e-06 2.59782236e-04)	(-2.01303699e-06 2.65014378e-06 5.12000431e-05)	(-1.07979149e-07 -2.60555033e-07 2.08582193e-04)
172             	(-2.17739995e-06 2.34302197e-06 2.59444440e-04)	(-2.07164708e-06 2.61493328e-06 5.09070579e-05)	(-1.05752871e-07 -2.71911311e-07 2.08537382e-04)
173             	(-2.23458374e-06 2.29691563e-06 2.59094190e-04)	(-2.13124857e-06 2.58104990e-06 5.05982317e-05)	(-1.03335169e-07 -2.84134271e-07 2.08495958e-04)
174             	(-2.29026403e-06 2.24876992e-06 2.58727225e-04)	(-2.18952405e-06 2.54595713e-06 5.02696324e-05)	(-1.00739979e-07 -2.97187215e-07 2.08457593e-04)
175             	(-2.35066226e-06 2.19858484e-06 2.58335435e-04)	(-2.25277410e-06 2.50955836e-06 4.99134646e-05)	(-9.78881660e-08 -3.10973520e-07 2.08421971e-04)
176             	(-2.40784640e-06 2.14021992e-06 2.57910522e-04)	(-2.31315331e-06 2.46564805e-06 4.95216364e-05)	(-9.46930931e-08 -3.25428125e-07 2.08388886e-04)
177             	(-2.46566299e-06 2.07529355e-06 2.57444968e-04)	(-2.37443795e-06 2.41576388e-06 4.90867581e-05)	(-9.12250382e-08 -3.40470335e-07 2.08358210e-04)
178             	(-2.52528310e-06 2.00393995e-06 2.56941294e-04)	(-2.43781078e-06 2.35993271e-06 4.86114235e-05)	(-8.74723144e-08 -3.55992763e-07 2.08329870e-04)
179             	(-2.57945516e-06 1.93160338e-06 2.56402617e-04)	(-2.49602810e-06 2.30358545e-06 4.80987188e-05)	(-8.34270508e-08 -3.71982065e-07 2.08303898e-04)
180             	(-2.62624033e-06 1.86165723e-06 2.55823850e-04)	(-2.54723822e-06 2.24992833e-06 4.75435093e-05)	(-7.90021152e-08 -3.88271096e-07 2.08280341e-04)
181             	(-2.66948450e-06 1.79430581e-06 2.55221441e-04)	(-2.59528714e-06 2.19894690e-06 4.69620950e-05)	(-7.41973550e-08 -4.04641085e-07 2.08259346e-04)
182             	(-2.70891258e-06 1.73132129e-06 2.54605157e-04)	(-2.64001538e-06 2.15224094e-06 4.63640437e-05)	(-6.88972055e-08 -4.20919648e-07 2.08241113e-04)
183             	(-2.74302873e-06 1.67190273e-06 2.53974728e-04)	(-2.67998118e-06 2.10880952e-06 4.57488927e-05)	(-6.30475573e-08 -4.36906782e-07 2.08225835e-04)
184             	(-2.76872379e-06 1.61627352e-06 2.53328208e-04)	(-2.71199337e-06 2.06879221e-06 4.51145081e-05)	(-5.67304246e-08 -4.52518690e-07 2.08213700e-04)
185             	(-2.78663965e-06 1.56751879e-06 2.52682423e-04)	(-2.73677718e-06 2.03515543e-06 4.44775129e-05)	(-4.98624686e-08 -4.67636647e-07 2.08204911e-04)
186             	(-2.79708738e-06 1.52691260e-06 2.52050291e-04)	(-2.75470496e-06 2.00894777e-06 4.38506562e-05)	(-4.23824184e-08 -4.82035171e-07 2.08199635e-04)
187             	(-2.80078730e-06 1.49526738e-06 2.51441786e-04)	(-2.76637718e-06 1.99080640e-06 4.32437938e-05)	(-3.44101192e-08 -4.95539017e-07 2.08197992e-04)
188             	(-2.79797288e-06 1.47481445e-06 2.50865194e-04)	(-2.77203792e-06 1.98284095e-06 4.26651125e-05)	(-2.59349615e-08 -5.08026500e-07 2.08200081e-04)
189             	(-2.79046970e-06 1.46382338e-06 2.50332776e-04)	(-2.77351333e-06 1.98318293e-06 4.21268155e-05)	(-1.69563767e-08 -5.19359545e-07 2.08205961e-04)
190             	(-2.77649074e-06 1.46229446e-06 2.49847815e-04)	(-2.76898716e-06 1.99183884e-06 4.16321416e-05)	(-7.50357536e-09 -5.29544379e-07 2.08215673e-04)
191             	(-2.75821159e-06 1.47030539e-06 2.49417204e-04)	(-2.76054648e-06 2.00878233e-06 4.11880051e-05)	(2.33489208e-09 -5.38476946e-07 2.08229199e-04)
192             	(-2.73509708e-06 1.48763723e-06 2.49049225e-04)	(-2.74755104e-06 2.03365475e-06 4.08027347e-05)	(1.24539556e-08 -5.46017523e-07 2.08246490e-04)
193             	(-2.71422457e-06 1.51182958e-06 2.48762905e-04)	(-2.73706830e-06 2.06396271e-06 4.04954503e-05)	(2.28437356e-08 -5.52133127e-07 2.08267454e-04)
194             	(-2.69504809e-06 1.54149546e-06 2.48561499e-04)	(-2.72846354e-06 2.09825801e-06 4.02695082e-05)	(3.34154485e-08 -5.56762546e-07 2.08291991e-04)
195             	(-2.67397867e-06 1.57850778e-06 2.48448439e-04)	(-2.71807274e-06 2.13839668e-06 4.01284023e-05)	(4.40940735e-08 -5.59888900e-07 2.08320037e-04)
196             	(-2.65157378e-06 1.62204946e-06 2.48424911e-04)	(-2.70635314e-06 2.18363438e-06 4.00734297e-05)	(5.47793604e-08 -5.61584917e-07 2.08351481e-04)
197             	(-2.62929294e-06 1.67291957e-06 2.48484693e-04)	(-2.69473159e-06 2.23486553e-06 4.00985609e-05)	(6.54386552e-08 -5.61945957e-07 2.08386132e-04)
198             	(-2.60967421e-06 1.72835165e-06 2.48628393e-04)	(-2.68563648e-06 2.28940926e-06 4.02046354e-05)	(7.59622706e-08 -5.61057613e-07 2.08423758e-04)
199             	(-2.59687680e-06 1.78692581e-06 2.48856839e-04)	(-2.68315643e-06 2.34596252e-06 4.03927793e-05)	(8.62796315e-08 -5.59036711e-07 2.08464060e-04)
200             	(-2.58778408e-06 1.84740165e-06 2.49164920e-04)	(-2.68407546e-06 2.40336578e-06 4.06582457e-05)	(9.62913857e-08 -5.55964133e-07 2.08506675e-04)
201             	(-2.57768617e-06 1.90850842e-06 2.49553633e-04)	(-2.68360860e-06 2.46045662e-06 4.10023780e-05)	(1.05922427e-07 -5.51948195e-07 2.08551255e-04)
202             	(-2.56484451e-06 1.97167486e-06 2.50013854e-04)	(-2.67990682e-06 2.51878240e-06 4.14164849e-05)	(1.15062307e-07 -5.47107539e-07 2.08597369e-04)
203             	(-2.54976140e-06 2.03543413e-06 2.50540238e-04)	(-2.67346333e-06 2.57691093e-06 4.18955960e-05)	(1.23701933e-07 -5.41476790e-07 2.08644642e-04)
204             	(-2.53408508e-06 2.09852092e-06 2.51121299e-04)	(-2.66592545e-06 2.63371441e-06 4.24286470e-05)	(1.31840364e-07 -5.35193485e-07 2.08692652e-04)
205             	(-2.51877805e-06 2.15843283e-06 2.51752499e-04)	(-2.65824723e-06 2.68680089e-06 4.30115607e-05)	(1.39469173e-07 -5.28368055e-07 2.08740938e-04)
206             	(-2.50171261e-06 2.21522348e-06 2.52423873e-04)	(-2.64826190e-06 2.73632814e-06 4.36348279e-05)	(1.46549297e-07 -5.21104660e-07 2.08789045e-04)
207             	(-2.48176349e-06 2.26858651e-06 2.53117791e-04)	(-2.63481092e-06 2.78198307e-06 4.42812449e-05)	(1.53047429e-07 -5.13396554e-07 2.08836546e-04)
208             	(-2.45832770e-06 2.31830508e-06 2.53823440e-04)	(-2.61736425e-06 2.82360398e-06 4.49404159e-05)	(1.59036549e-07 -5.05298898e-07 2.08883024e-04)
209             	(-2.43232603e-06 2.36560885e-06 2.54531300e-04)	(-2.59682954e-06 2.86247954e-06 4.56031721e-05)	(1.64503508e-07 -4.96870690e-07 2.08928128e-04)
210             	(-2.40463921e-06 2.41064870e-06 2.55235473e-04)	(-2.57407537e-06 2.89885021e-06 4.62639953e-05)	(1.69436159e-07 -4.88201505e-07 2.08971478e-04)
211             	(-2.37706763e-06 2.45236483e-06 2.55930435e-04)	(-2.55089540e-06 2.93168751e-06 4.69176757e-05)	(1.73827769e-07 -4.79322681e-07 2.09012760e-04)
212             	(-2.35094521e-06 2.48989137e-06 2.56609673e-04)	(-2.52859110e-06 2.96012050e-06 4.75579574e-05)	(1.77645887e-07 -4.70229124e-07 2.09051716e-04)
213             	(-2.32578887e-06 2.52459449e-06 2.57265644e-04)	(-2.50667337e-06 2.98557490e-06 4.81775895e-05)	(1.80884498e-07 -4.60980410e-07 2.09088055e-04)
214             	(-2.30085806e-06 2.55652116e-06 2.57890161e-04)	(-2.48437535e-06 3.00818272e-06 4.87686103e-05)	(1.83517290e-07 -4.51661555e-07 2.09121550e-04)
215             	(-2.27592035e-06 2.58492976e-06 2.58480241e-04)	(-2.46142568e-06 3.02727374e-06 4.93282239e-05)	(1.85505332e-07 -4.42343983e-07 2.09152017e-04)
216             	(-2.25245122e-06 2.60883527e-06 2.59036613e-04)	(-2.43930368e-06 3.04198224e-06 4.98572862e-05)	(1.86852453e-07 -4.33146968e-07 2.09179327e-04)
217             	(-2.23148439e-06 2.62995607e-06 2.59559907e-04)	(-2.41902351e-06 3.05408560e-06 5.03565447e-05)	(1.87539116e-07 -4.24129531e-07 2.09203362e-04)
218             	(-2.21275514e-06 2.64999740e-06 2.60050459e-04)	(-2.40030169e-06 3.06538542e-06 5.08263811e-05)	(1.87546542e-07 -4.15388019e-07 2.09224078e-04)
219             	(-2.19584495e-06 2.66878601e-06 2.60511015e-04)	(-2.38269568e-06 3.07578738e-06 5.12696242e-05)	(1.86850732e-07 -4.07001364e-07 2.09241391e-04)
220             	(-2.18158355e-06 2.68543078e-06 2.60940945e-04)	(-2.36702434e-06 3.08447612e-06 5.16855981e-05)	(1.85440795e-07 -3.99045337e-07 2.09255347e-04)
221             	(-2.16881920e-06 2.69864486e-06 2.61339427e-04)	(-2.35212832e-06 3.09017146e-06 5.20735263e-05)	(1.83309124e-07 -3.91526605e-07 2.09265901e-04)
222             	(-2.15536326e-06 2.70822054e-06 2.61707070e-04)	(-2.33578978e-06 3.09270029e-06 5.24339845e-05)	(1.80426525e-07 -3.84479756e-07 2.09273085e-04)
223             	(-2.14076619e-06 2.71437699e-06 2.62045659e-04)	(-2.31755621e-06 3.09232966e-06 5.27686995e-05)	(1.76790018e-07 -3.77952671e-07 2.09276960e-04)
224             	(-2.12547793e-06 2.71768300e-06 2.62355781e-04)	(-2.29785024e-06 3.08968994e-06 5.30781026e-05)	(1.72372311e-07 -3.72006942e-07 2.09277679e-04)
225             	(-2.10952214e-06 2.71921896e-06 2.62637144e-04)	(-2.27666158e-06 3.08591334e-06 5.33617480e-05)	(1.67139440e-07 -3.66694379e-07 2.09275396e-04)
226             	(-2.09319703e-06 2.71976926e-06 2.62889608e-04)	(-2.25429787e-06 3.08176359e-06 5.36193938e-05)	(1.61100847e-07 -3.61994335e-07 2.09270214e-04)
227             	(-2.07600433e-06 2.71965949e-06 2.63114888e-04)	(-2.23033917e-06 3.07753901e-06 5.38526071e-05)	(1.54334842e-07 -3.57879512e-07 2.09262281e-04)
228             	(-2.05887928e-06 2.71972056e-06 2.63315019e-04)	(-2.20578772e-06 3.07409508e-06 5.40632222e-05)	(1.46908442e-07 -3.54374518e-07 2.09251797e-04)
229             	(-2.04155827e-06 2.71995013e-06 2.63490058e-04)	(-2.18040703e-06 3.07134803e-06 5.42511520e-05)	(1.38848758e-07 -3.51397899e-07 2.09238906e-04)
230             	(-2.02361301e-06 2.72045705e-06 2.63639042e-04)	(-2.15382101e-06 3.06943667e-06 5.44153058e-05)	(1.30208000e-07 -3.48979625e-07 2.09223736e-04)
231             	(-2.00474139e-06 2.72170752e-06 2.63762879e-04)	(-2.12575607e-06 3.06883884e-06 5.45563963e-05)	(1.21014684e-07 -3.47131316e-07 2.09206483e-04)
232             	(-1.98542164e-06 2.72515797e-06 2.63861532e-04)	(-2.09677558e-06 3.07082400e-06 5.46742015e-05)	(1.11353941e-07 -3.45666038e-07 2.09187330e-04)
233             	(-1.96619300e-06 2.73100211e-06 2.63934576e-04)	(-2.06739157e-06 3.07556119e-06 5.47680063e-05)	(1.01198571e-07 -3.44559078e-07 2.09166570e-04)
234             	(-1.94756645e-06 2.73864241e-06 2.63982404e-04)	(-2.03819363e-06 3.08244727e-06 5.48380442e-05)	(9.06271757e-08 -3.43804856e-07 2.09144359e-04)
235             	(-1.92957941e-06 2.74746248e-06 2.64005061e-04)	(-2.00934266e-06 3.09092190e-06 5.48841078e-05)	(7.97632528e-08 -3.43459427e-07 2.09120953e-04)
236             	(-1.91361972e-06 2.75755208e-06 2.64005191e-04)	(-1.98235210e-06 3.10104434e-06 5.49086573e-05)	(6.87323808e-08 -3.43492256e-07 2.09096534e-04)
237             	(-1.90004527e-06 2.77030770e-06 2.63984891e-04)	(-1.95762372e-06 3.11407646e-06 5.49135932e-05)	(5.75784484e-08 -3.43768757e-07 2.09071298e-04)
238             	(-1.88870372e-06 2.78599805e-06 2.63945789e-04)	(-1.93512676e-06 3.13018340e-06 5.49003441e-05)	(4.64230360e-08 -3.44185351e-07 2.09045445e-04)
239             	(-1.87996442e-06 2.80398203e-06 2.63888284e-04)	(-1.91526047e-06 3.14872924e-06 5.48691544e-05)	(3.52960416e-08 -3.44747212e-07 2.09019130e-04)
240             	(-1.87402858e-06 2.82318911e-06 2.63811195e-04)	(-1.89825275e-06 3.16859665e-06 5.48187195e-05)	(2.42241677e-08 -3.45407541e-07 2.08992476e-04)
241             	(-1.87108610e-06 2.84312564e-06 2.63713553e-04)	(-1.88442956e-06 3.18927636e-06 5.47479007e-05)	(1.33434614e-08 -3.46150713e-07 2.08965652e-04)
242             	(-1.87122598e-06 2.86360514e-06 2.63597318e-04)	(-1.87394118e-06 3.21054716e-06 5.46585283e-05)	(2.71520029e-09 -3.46942027e-07 2.08938790e-04)
243             	(-1.87414527e-06 2.88374728e-06 2.63464958e-04)	(-1.86653397e-06 3.23148341e-06 5.45530204e-05)	(-7.61130331e-09 -3.47736127e-07 2.08911938e-04)
244             	(-1.87954285e-06 2.90315715e-06 2.63318962e-04)	(-1.86199110e-06 3.25167524e-06 5.44337679e-05)	(-1.75517476e-08 -3.48518099e-07 2.08885194e-04)
245             	(-1.88678114e-06 2.92169291e-06 2.63159316e-04)	(-1.85975336e-06 3.27099098e-06 5.43007184e-05)	(-2.70277765e-08 -3.49298070e-07 2.08858598e-04)
246             	(-1.89526536e-06 2.93970095e-06 2.62985848e-04)	(-1.85927729e-06 3.28975511e-06 5.41536158e-05)	(-3.59880697e-08 -3.50054167e-07 2.08832232e-04)
247             	(-1.90545275e-06 2.95677397e-06 2.62797430e-04)	(-1.86105278e-06 3.30757567e-06 5.39912932e-05)	(-4.43999655e-08 -3.50801704e-07 2.08806137e-04)
248             	(-1.91829151e-06 2.97207827e-06 2.62595442e-04)	(-1.86604740e-06 3.32363807e-06 5.38151574e-05)	(-5.22441145e-08 -3.51559799e-07 2.08780285e-04)
249             	(-1.93391657e-06 2.98467133e-06 2.62381871e-04)	(-1.87442398e-06 3.33701155e-06 5.36271408e-05)	(-5.94925854e-08 -3.52340218e-07 2.08754730e-04)
250             	(-1.95160131e-06 2.99462511e-06 2.62157300e-04)	(-1.88550714e-06 3.34775541e-06 5.34278705e-05)	(-6.60941708e-08 -3.53130305e-07 2.08729430e-04)
251             	(-1.97009600e-06 3.00360608e-06 2.61920149e-04)	(-1.89809721e-06 3.35754935e-06 5.32157171e-05)	(-7.19987934e-08 -3.53943273e-07 2.08704432e-04)
252             	(-1.98903887e-06 3.01253254e-06 2.61669079e-04)	(-1.91186789e-06 3.36727828e-06 5.29893588e-05)	(-7.71709765e-08 -3.54745743e-07 2.08679720e-04)
253             	(-2.00806969e-06 3.02109031e-06 2.61404868e-04)	(-1.92648311e-06 3.37662664e-06 5.27496078e-05)	(-8.15865800e-08 -3.55536331e-07 2.08655260e-04)
254             	(-2.02733392e-06 3.02927772e-06 2.61128033e-04)	(-1.94212564e-06 3.38559034e-06 5.24970161e-05)	(-8.52082864e-08 -3.56312613e-07 2.08631017e-04)
255             	(-2.04684780e-06 3.03743494e-06 2.60841182e-04)	(-1.95881845e-06 3.39451147e-06 5.22342542e-05)	(-8.80293493e-08 -3.57076534e-07 2.08606928e-04)
256             	(-2.06727454e-06 3.04476692e-06 2.60542654e-04)	(-1.97722987e-06 3.40260033e-06 5.19597096e-05)	(-9.00446733e-08 -3.57833407e-07 2.08582945e-04)
257             	(-2.08891535e-06 3.05171083e-06 2.60229738e-04)	(-1.99766211e-06 3.41031822e-06 5.16707280e-05)	(-9.12532444e-08 -3.58607395e-07 2.08559010e-04)
258             	(-2.11175447e-06 3.05844586e-06 2.59902265e-04)	(-2.02007532e-06 3.41785167e-06 5.13672048e-05)	(-9.16791492e-08 -3.59405810e-07 2.08535061e-04)
259             	(-2.13577186e-06 3.06590028e-06 2.59562867e-04)	(-2.04444087e-06 3.42610506e-06 5.10518159e-05)	(-9.13309967e-08 -3.60204775e-07 2.08511051e-04)
260             	(-2.16063144e-06 3.07490610e-06 2.59213825e-04)	(-2.07039585e-06 3.43587620e-06 5.07268987e-05)	(-9.02355845e-08 -3.60970103e-07 2.08486927e-04)
261             	(-2.18614062e-06 3.08496583e-06 2.58855474e-04)	(-2.09770243e-06 3.44667777e-06 5.03928485e-05)	(-8.84381958e-08 -3.61711944e-07 2.08462626e-04)
262             	(-2.21196028e-06 3.09537775e-06 2.58487293e-04)	(-2.12598440e-06 3.45780496e-06 5.00491915e-05)	(-8.59758883e-08 -3.62427210e-07 2.08438102e-04)
263             	(-2.23853622e-06 3.10589021e-06 2.58109228e-04)	(-2.15564345e-06 3.46902197e-06 4.96959042e-05)	(-8.28927729e-08 -3.63131762e-07 2.08413323e-04)
264             	(-2.26636999e-06 3.11584847e-06 2.57720974e-04)	(-2.18713082e-06 3.47966803e-06 4.93327179e-05)	(-7.92391682e-08 -3.63819562e-07 2.08388256e-04)
265             	(-2.29497392e-06 3.12487212e-06 2.57322561e-04)	(-2.21992068e-06 3.48936412e-06 4.89596930e-05)	(-7.50532480e-08 -3.64492002e-07 2.08362867e-04)
266             	(-2.32384238e-06 3.13307685e-06 2.56913929e-04)	(-2.25347126e-06 3.49820198e-06 4.85767773e-05)	(-7.03711206e-08 -3.65125131e-07 2.08337151e-04)
267             	(-2.35286570e-06 3.14085186e-06 2.56496230e-04)	(-2.28762244e-06 3.50654823e-06 4.81851224e-05)	(-6.52432539e-08 -3.65696366e-07 2.08311108e-04)
268             	(-2.38149512e-06 3.14794161e-06 2.56071292e-04)	(-2.32176883e-06 3.51415467e-06 4.77865408e-05)	(-5.97262912e-08 -3.66213061e-07 2.08284751e-04)
269             	(-2.40977588e-06 3.15457515e-06 2.55639456e-04)	(-2.35590888e-06 3.52124918e-06 4.73813438e-05)	(-5.38670053e-08 -3.66674029e-07 2.08258112e-04)
270             	(-2.43772414e-06 3.16105282e-06 2.55201660e-04)	(-2.38999344e-06 3.52810614e-06 4.69704130e-05)	(-4.77307063e-08 -3.67053317e-07 2.08231247e-04)
271             	(-2.46528164e-06 3.16759955e-06 2.54758598e-04)	(-2.42390533e-06 3.53495001e-06 4.65543575e-05)	(-4.13763129e-08 -3.67350460e-07 2.08204240e-04)
272             	(-2.49200582e-06 3.17382514e-06 2.54311240e-04)	(-2.45716247e-06 3.54139865e-06 4.61340662e-05)	(-3.48433462e-08 -3.67573512e-07 2.08177173e-04)
273             	(-2.51729232e-06 3.17931263e-06 2.53861505e-04)	(-2.48910607e-06 3.54705021e-06 4.57113728e-05)	(-2.81862539e-08 -3.67737578e-07 2.08150132e-04)
274             	(-2.54052045e-06 3.18321698e-06 2.53411486e-04)	(-2.51906838e-06 3.55105422e-06 4.52882784e-05)	(-2.14520737e-08 -3.67837239e-07 2.08123207e-04)
275             	(-2.56156733e-06 3.18486732e-06 2.52961912e-04)	(-2.54691125e-06 3.55274529e-06 4.48653985e-05)	(-1.46560889e-08 -3.67877978e-07 2.08096513e-04)
276             	(-2.58057689e-06 3.18446722e-06 2.52513714e-04)	(-2.57272154e-06 3.55233758e-06 4.44435302e-05)	(-7.85535474e-09 -3.67870362e-07 2.08070184e-04)
277             	(-2.59731334e-06 3.18287605e-06 2.52068724e-04)	(-2.59622180e-06 3.55070470e-06 4.40243524e-05)	(-1.09154495e-09 -3.67828650e-07 2.08044372e-04)
278             	(-2.61219355e-06 3.18055939e-06 2.51628002e-04)	(-2.61778580e-06 3.54831134e-06 4.36087699e-05)	(5.59225071e-09 -3.67751949e-07 2.08019232e-04)
279             	(-2.62584297e-06 3.17734902e-06 2.51193860e-04)	(-2.63800014e-06 3.54498132e-06 4.31989334e-05)	(1.21571718e-08 -3.67632302e-07 2.07994927e-04)
280             	(-2.63808176e-06 3.17277129e-06 2.50768737e-04)	(-2.65666590e-06 3.54025683e-06 4.27971130e-05)	(1.85841354e-08 -3.67485542e-07 2.07971624e-04)
281             	(-2.64819227e-06 3.16664380e-06 2.50354736e-04)	(-2.67304303e-06 3.53395971e-06 4.24052604e-05)	(2.48507590e-08 -3.67315912e-07 2.07949476e-04)
282             	(-2.65604136e-06 3.15895532e-06 2.49953309e-04)	(-2.68697559e-06 3.52609698e-06 4.20246771e-05)	(3.09342332e-08 -3.67141661e-07 2.07928632e-04)
283             	(-2.66163393e-06 3.14950421e-06 2.49567518e-04)	(-2.69844724e-06 3.51645218e-06 4.16582657e-05)	(3.68133034e-08 -3.66947967e-07 2.07909252e-04)
284             	(-2.66528864e-06 3.13846653e-06 2.49201075e-04)	(-2.70774641e-06 3.50520191e-06 4.13096013e-05)	(4.24577660e-08 -3.66735373e-07 2.07891474e-04)
285             	(-2.66745471e-06 3.12621696e-06 2.48856669e-04)	(-2.71529960e-06 3.49273529e-06 4.09812309e-05)	(4.78448825e-08 -3.66518328e-07 2.07875438e-04)
286             	(-2.66827383e-06 3.11296100e-06 2.48536242e-04)	(-2.72123049e-06 3.47925343e-06 4.06749764e-05)	(5.29566542e-08 -3.66292436e-07 2.07861266e-04)
287             	(-2.66758334e-06 3.09874670e-06 2.48242518e-04)	(-2.72534886e-06 3.46480272e-06 4.03934355e-05)	(5.77655132e-08 -3.66056024e-07 2.07849082e-04)
288             	(-2.66512948e-06 3.08321257e-06 2.47977960e-04)	(-2.72736395e-06 3.44901178e-06 4.01389483e-05)	(6.22344717e-08 -3.65799212e-07 2.07839011e-04)
289             	(-2.66061878e-06 3.06678582e-06 2.47744738e-04)	(-2.72699667e-06 3.43229608e-06 3.99136007e-05)	(6.63778886e-08 -3.65510262e-07 2.07831138e-04)
290             	(-2.65474096e-06 3.05056897e-06 2.47545543e-04)	(-2.72494675e-06 3.41581134e-06 3.97200212e-05)	(7.02057855e-08 -3.65242370e-07 2.07825522e-04)
291             	(-2.64808894e-06 3.03464182e-06 2.47383082e-04)	(-2.72177471e-06 3.39959158e-06 3.95608760e-05)	(7.36857681e-08 -3.64949756e-07 2.07822206e-04)
292             	(-2.64087557e-06 3.01881921e-06 2.47258296e-04)	(-2.71770412e-06 3.38345295e-06 3.94370696e-05)	(7.68285522e-08 -3.64633739e-07 2.07821226e-04)
293             	(-2.63304685e-06 3.00264200e-06 2.47171763e-04)	(-2.71267747e-06 3.36692798e-06 3.93491624e-05)	(7.96306265e-08 -3.64285984e-07 2.07822600e-04)
294             	(-2.62372315e-06 2.98626144e-06 2.47122436e-04)	(-2.70582540e-06 3.35016146e-06 3.92961255e-05)	(8.21022562e-08 -3.63900013e-07 2.07826310e-04)
295             	(-2.61346032e-06 2.97061014e-06 2.47111092e-04)	(-2.69771254e-06 3.33410392e-06 3.92787583e-05)	(8.42522159e-08 -3.63493782e-07 2.07832334e-04)
296             	(-2.60279813e-06 2.95595650e-06 2.47138078e-04)	(-2.68889204e-06 3.31899148e-06 3.92974718e-05)	(8.60939105e-08 -3.63034984e-07 2.07840606e-04)
297             	(-2.59208698e-06 2.94252939e-06 2.47203218e-04)	(-2.67970195e-06 3.30504431e-06 3.93521702e-05)	(8.76149638e-08 -3.62514914e-07 2.07851048e-04)
298             	(-2.58158657e-06 2.93025341e-06 2.47305896e-04)	(-2.67043688e-06 3.29220942e-06 3.94423511e-05)	(8.88503047e-08 -3.61956007e-07 2.07863545e-04)
299             	(-2.57122067e-06 2.91928821e-06 2.47444673e-04)	(-2.66102716e-06 3.28066514e-06 3.95666902e-05)	(8.98064841e-08 -3.61376928e-07 2.07877983e-04)
300             	(-2.56058268e-06 2.90969013e-06 2.47618150e-04)	(-2.65105266e-06 3.27045413e-06 3.97239253e-05)	(9.04699833e-08 -3.60763999e-07 2.07894224e-04)
301             	(-2.54945168e-06 2.90111150e-06 2.47824895e-04)	(-2.64031633e-06 3.26122815e-06 3.99127657e-05)	(9.08646565e-08 -3.60116653e-07 2.07912129e-04)
302             	(-2.53794143e-06 2.89359721e-06 2.48062776e-04)	(-2.62893628e-06 3.25302039e-06 4.01312504e-05)	(9.09948428e-08 -3.59423176e-07 2.07931526e-04)
303             	(-2.52653775e-06 2.88741209e-06 2.48328607e-04)	(-2.61742081e-06 3.24612930e-06 4.03763697e-05)	(9.08830639e-08 -3.58717208e-07 2.07952237e-04)
304             	(-2.51507153e-06 2.88230080e-06 2.48619348e-04)	(-2.60564299e-06 3.24030615e-06 4.06452490e-05)	(9.05714645e-08 -3.58005355e-07 2.07974099e-04)
305             	(-2.50392290e-06 2.87837473e-06 2.48931920e-04)	(-2.59398186e-06 3.23567565e-06 4.09349812e-05)	(9.00589592e-08 -3.57300917e-07 2.07996939e-04)
306             	(-2.49327567e-06 2.87573499e-06 2.49263572e-04)	(-2.58265642e-06 3.23232658e-06 4.12430031e-05)	(8.93807441e-08 -3.56591598e-07 2.08020569e-04)
307             	(-2.48308947e-06 2.87432640e-06 2.49612533e-04)	(-2.57165376e-06 3.23022759e-06 4.15677197e-05)	(8.85642916e-08 -3.55901189e-07 2.08044813e-04)
308             	(-2.47347492e-06 2.87402280e-06 2.49976658e-04)	(-2.56111245e-06 3.22926104e-06 4.19071610e-05)	(8.76375310e-08 -3.55238248e-07 2.08069497e-04)
309             	(-2.46416515e-06 2.87473397e-06 2.50353041e-04)	(-2.55078054e-06 3.22936204e-06 4.22585849e-05)	(8.66153939e-08 -3.54628075e-07 2.08094456e-04)
310             	(-2.45496066e-06 2.87609761e-06 2.50738349e-04)	(-2.54048525e-06 3.23018936e-06 4.26188239e-05)	(8.55245937e-08 -3.54091753e-07 2.08119525e-04)
311             	(-2.44551454e-06 2.87798274e-06 2.51129559e-04)	(-2.52990526e-06 3.23164445e-06 4.29850030e-05)	(8.43907222e-08 -3.53661709e-07 2.08144556e-04)
312             	(-2.43620158e-06 2.88055872e-06 2.51523606e-04)	(-2.51942495e-06 3.23391261e-06 4.33541871e-05)	(8.32233741e-08 -3.53353890e-07 2.08169419e-04)
313             	(-2.42698594e-06 2.88370356e-06 2.51918231e-04)	(-2.50903742e-06 3.23688477e-06 4.37242455e-05)	(8.20514889e-08 -3.53181214e-07 2.08193986e-04)
314             	(-2.41758671e-06 2.88718223e-06 2.52311991e-04)	(-2.49848968e-06 3.24033459e-06 4.40938436e-05)	(8.09029647e-08 -3.53152361e-07 2.08218147e-04)
315             	(-2.40794233e-06 2.89063045e-06 2.52704254e-04)	(-2.48775939e-06 3.24390103e-06 4.44624506e-05)	(7.98170661e-08 -3.53270571e-07 2.08241803e-04)
316             	(-2.39771936e-06 2.89415704e-06 2.53092466e-04)	(-2.47653460e-06 3.24770395e-06 4.48275812e-05)	(7.88152436e-08 -3.53546906e-07 2.08264884e-04)
317             	(-2.38706828e-06 2.89791081e-06 2.53474473e-04)	(-2.46497824e-06 3.25188805e-06 4.51871539e-05)	(7.79099683e-08 -3.53977237e-07 2.08287319e-04)
318             	(-2.37619000e-06 2.90189296e-06 2.53849128e-04)	(-2.45331243e-06 3.25646058e-06 4.55400687e-05)	(7.71224303e-08 -3.54567621e-07 2.08309059e-04)
319             	(-2.36509385e-06 2.90602742e-06 2.54215489e-04)	(-2.44155711e-06 3.26133234e-06 4.58854257e-05)	(7.64632561e-08 -3.55304923e-07 2.08330063e-04)
320             	(-2.35376666e-06 2.90995654e-06 2.54573229e-04)	(-2.42970808e-06 3.26614053e-06 4.62229240e-05)	(7.59414190e-08 -3.56183998e-07 2.08350305e-04)
321             	(-2.34210330e-06 2.91370811e-06 2.54920780e-04)	(-2.41767563e-06 3.27090401e-06 4.65510156e-05)	(7.55723328e-08 -3.57195895e-07 2.08369765e-04)
322             	(-2.33023162e-06 2.91809667e-06 2.55257383e-04)	(-2.40558939e-06 3.27641516e-06 4.68689437e-05)	(7.53577769e-08 -3.58318487e-07 2.08388439e-04)
323             	(-2.31840808e-06 2.92325341e-06 2.55582735e-04)	(-2.39370558e-06 3.28280185e-06 4.71763995e-05)	(7.52975018e-08 -3.59548437e-07 2.08406335e-04)
324             	(-2.30679935e-06 2.92864029e-06 2.55896649e-04)	(-2.38219334e-06 3.28951988e-06 4.74731830e-05)	(7.53939904e-08 -3.60879589e-07 2.08423466e-04)
325             	(-2.29565950e-06 2.93396362e-06 2.56199115e-04)	(-2.37131004e-06 3.29625842e-06 4.77592548e-05)	(7.56505424e-08 -3.62294793e-07 2.08439860e-04)
326             	(-2.28486794e-06 2.93909484e-06 2.56490265e-04)	(-2.36092847e-06 3.30287450e-06 4.80347509e-05)	(7.60605268e-08 -3.63779659e-07 2.08455514e-04)
327             	(-2.27425596e-06 2.94430270e-06 2.56770162e-04)	(-2.35088334e-06 3.30960775e-06 4.82997123e-05)	(7.66273796e-08 -3.65305046e-07 2.08470450e-04)
328             	(-2.26379714e-06 2.94975947e-06 2.57038419e-04)	(-2.34113878e-06 3.31662114e-06 4.85537272e-05)	(7.73416418e-08 -3.66861673e-07 2.08484692e-04)
329             	(-2.25375145e-06 2.95545063e-06 2.57294399e-04)	(-2.33195847e-06 3.32387232e-06 4.87961394e-05)	(7.82070232e-08 -3.68421691e-07 2.08498260e-04)
330             	(-2.24452888e-06 2.96131742e-06 2.57537771e-04)	(-2.32374193e-06 3.33128651e-06 4.90266054e-05)	(7.92130481e-08 -3.69969087e-07 2.08511165e-04)
331             	(-2.23625327e-06 2.96730129e-06 2.57768360e-04)	(-2.31659380e-06 3.33878230e-06 4.92449473e-05)	(8.03405290e-08 -3.71481015e-07 2.08523413e-04)
332             	(-2.22861819e-06 2.97348457e-06 2.57986014e-04)	(-2.31019632e-06 3.34641054e-06 4.94509962e-05)	(8.15781262e-08 -3.72925973e-07 2.08535017e-04)
333             	(-2.22123671e-06 2.97984141e-06 2.58190716e-04)	(-2.30412626e-06 3.35411857e-06 4.96447443e-05)	(8.28895459e-08 -3.74277159e-07 2.08545972e-04)
334             	(-2.21421908e-06 2.98619430e-06 2.58381781e-04)	(-2.29848849e-06 3.36173292e-06 4.98255001e-05)	(8.42694084e-08 -3.75538620e-07 2.08556281e-04)
335             	(-2.20764516e-06 2.99265222e-06 2.58559110e-04)	(-2.29334372e-06 3.36934149e-06 4.99931728e-05)	(8.56985665e-08 -3.76689267e-07 2.08565938e-04)
336             	(-2.20175734e-06 2.99916305e-06 2.58722208e-04)	(-2.28891479e-06 3.37687881e-06 5.01472872e-05)	(8.71574442e-08 -3.77715764e-07 2.08574921e-04)
337             	(-2.19674436e-06 3.00594409e-06 2.58870742e-04)	(-2.28536969e-06 3.38453869e-06 5.02875314e-05)	(8.86253351e-08 -3.78594598e-07 2.08583211e-04)
338             	(-2.19256389e-06 3.01304760e-06 2.59004026e-04)	(-2.28265262e-06 3.39235025e-06 5.04132507e-05)	(9.00887322e-08 -3.79302653e-07 2.08590775e-04)
339             	(-2.18894670e-06 3.02006015e-06 2.59121852e-04)	(-2.28048987e-06 3.39990171e-06 5.05242624e-05)	(9.15431660e-08 -3.79841561e-07 2.08597590e-04)
340             	(-2.18606288e-06 3.02693544e-06 2.59224679e-04)	(-2.27902961e-06 3.40711906e-06 5.06210565e-05)	(9.29667305e-08 -3.80183617e-07 2.08603622e-04)
341             	(-2.18345264e-06 3.03381040e-06 2.59311390e-04)	(-2.27781060e-06 3.41411863e-06 5.07025321e-05)	(9.43579624e-08 -3.80308234e-07 2.08608858e-04)
342             	(-2.18127898e-06 3.04063600e-06 2.59381537e-04)	(-2.27698991e-06 3.42085825e-06 5.07682726e-05)	(9.57109242e-08 -3.80222245e-07 2.08613264e-04)
343             	(-2.17942277e-06 3.04745247e-06 2.59433959e-04)	(-2.27644979e-06 3.42737648e-06 5.08171463e-05)	(9.70270121e-08 -3.79924004e-07 2.08616812e-04)
344             	(-2.17807880e-06 3.05415887e-06 2.59468116e-04)	(-2.27637818e-06 3.43356140e-06 5.08486417e-05)	(9.82993770e-08 -3.79402534e-07 2.08619474e-04)
345             	(-2.17730618e-06 3.06067157e-06 2.59484112e-04)	(-2.27681059e-06 3.43933249e-06 5.08628945e-05)	(9.95044091e-08 -3.78660929e-07 2.08621217e-04)
346             	(-2.17722887e-06 3.06691039e-06 2.59482534e-04)	(-2.27786453e-06 3.44460846e-06 5.08605140e-05)	(1.00635663e-07 -3.77698077e-07 2.08622020e-04)
347             	(-2.17778035e-06 3.07305952e-06 2.59463406e-04)	(-2.27946436e-06 3.44957289e-06 5.08415441e-05)	(1.01684014e-07 -3.76513367e-07 2.08621862e-04)
348             	(-2.17860851e-06 3.07917133e-06 2.59426631e-04)	(-2.28125400e-06 3.45427908e-06 5.08059034e-05)	(1.02645492e-07 -3.75107742e-07 2.08620728e-04)
349             	(-2.17978808e-06 3.08509100e-06 2.59372180e-04)	(-2.28328445e-06 3.45858725e-06 5.07535715e-05)	(1.03496369e-07 -3.73496249e-07 2.08618609e-04)
350             	(-2.18177549e-06 3.09063013e-06 2.59299896e-04)	(-2.28600980e-06 3.46232045e-06 5.06843897e-05)	(1.04234305e-07 -3.71690324e-07 2.08615506e-04)
351             	(-2.18474204e-06 3.09576097e-06 2.59209539e-04)	(-2.28961265e-06 3.46545947e-06 5.05981101e-05)	(1.04870614e-07 -3.69698496e-07 2.08611429e-04)
352             	(-2.18885268e-06 3.10039002e-06 2.59101806e-04)	(-2.29424311e-06 3.46791338e-06 5.04954299e-05)	(1.05390430e-07 -3.67523352e-07 2.08606376e-04)
353             	(-2.19390199e-06 3.10470612e-06 2.58977401e-04)	(-2.29968543e-06 3.46988208e-06 5.03770362e-05)	(1.05783437e-07 -3.65175956e-07 2.08600365e-04)
354             	(-2.19953212e-06 3.10868031e-06 2.58836832e-04)	(-2.30556421e-06 3.47135312e-06 5.02434223e-05)	(1.06032084e-07 -3.62672811e-07 2.08593410e-04)
355             	(-2.20541876e-06 3.11221381e-06 2.58680875e-04)	(-2.31155205e-06 3.47225616e-06 5.00953340e-05)	(1.06133283e-07 -3.60042356e-07 2.08585541e-04)
356             	(-2.21140849e-06 3.11508653e-06 2.58509989e-04)	(-2.31749197e-06 3.47239242e-06 4.99332024e-05)	(1.06083476e-07 -3.57305892e-07 2.08576786e-04)
357             	(-2.21769238e-06 3.11703419e-06 2.58324804e-04)	(-2.32357161e-06 3.47151090e-06 4.97576175e-05)	(1.05879235e-07 -3.54476708e-07 2.08567186e-04)
358             	(-2.22463462e-06 3.11803941e-06 2.58126700e-04)	(-2.33015664e-06 3.46961288e-06 4.95699119e-05)	(1.05522017e-07 -3.51573467e-07 2.08556788e-04)
359             	(-2.23215121e-06 3.11850897e-06 2.57916924e-04)	(-2.33716298e-06 3.46712825e-06 4.93712825e-05)	(1.05011767e-07 -3.48619284e-07 2.08545642e-04)
360             	(-2.24009929e-06 3.11873067e-06 2.57696736e-04)	(-2.34444096e-06 3.46436490e-06 4.91629323e-05)	(1.04341673e-07 -3.45634225e-07 2.08533803e-04)
361             	(-2.24827035e-06 3.11882047e-06 2.57467470e-04)	(-2.35177799e-06 3.46145750e-06 4.89461289e-05)	(1.03507635e-07 -3.42637035e-07 2.08521341e-04)
362             	(-2.25652426e-06 3.11861866e-06 2.57230947e-04)	(-2.35903333e-06 3.45827238e-06 4.87226273e-05)	(1.02509070e-07 -3.39653722e-07 2.08508320e-04)
363             	(-2.26454766e-06 3.11806231e-06 2.56988679e-04)	(-2.36589437e-06 3.45476035e-06 4.84938705e-05)	(1.01346719e-07 -3.36698035e-07 2.08494809e-04)
364             	(-2.27259680e-06 3.11707095e-06 2.56741308e-04)	(-2.37262165e-06 3.45085790e-06 4.82604301e-05)	(1.00024849e-07 -3.33786944e-07 2.08480878e-04)
365             	(-2.28081684e-06 3.11562549e-06 2.56489574e-04)	(-2.37936721e-06 3.44656735e-06 4.80229761e-05)	(9.85503690e-08 -3.30941854e-07 2.08466598e-04)
366             	(-2.28903367e-06 3.11357063e-06 2.56235114e-04)	(-2.38595955e-06 3.44174987e-06 4.77830752e-05)	(9.69258736e-08 -3.28179244e-07 2.08452039e-04)
367             	(-2.29707363e-06 3.11121031e-06 2.55979548e-04)	(-2.39222943e-06 3.43672350e-06 4.75422770e-05)	(9.51558036e-08 -3.25513182e-07 2.08437271e-04)
368             	(-2.30496129e-06 3.10882331e-06 2.55724526e-04)	(-2.39820570e-06 3.43178486e-06 4.73021633e-05)	(9.32444120e-08 -3.22961549e-07 2.08422362e-04)
369             	(-2.31269603e-06 3.10640548e-06 2.55471602e-04)	(-2.40389418e-06 3.42693868e-06 4.70642167e-05)	(9.11981414e-08 -3.20533200e-07 2.08407386e-04)
370             	(-2.32022734e-06 3.10394209e-06 2.55222042e-04)	(-2.40924942e-06 3.42218367e-06 4.68296294e-05)	(8.90220792e-08 -3.18241581e-07 2.08392413e-04)
371             	(-2.32758263e-06 3.10141451e-06 2.54976849e-04)	(-2.41430304e-06 3.41751277e-06 4.65993325e-05)	(8.67204075e-08 -3.16098260e-07 2.08377517e-04)
372             	(-2.33458947e-06 3.09880330e-06 2.54736763e-04)	(-2.41889186e-06 3.41291420e-06 4.63740025e-05)	(8.43023937e-08 -3.14110901e-07 2.08362761e-04)
373             	(-2.34127456e-06 3.09610830e-06 2.54502490e-04)	(-2.42305231e-06 3.40839718e-06 4.61542770e-05)	(8.17777492e-08 -3.12288880e-07 2.08348213e-04)
374             	(-2.34754506e-06 3.09349932e-06 2.54274945e-04)	(-2.42670414e-06 3.40413604e-06 4.59410073e-05)	(7.91590729e-08 -3.10636720e-07 2.08333938e-04)
375             	(-2.35353786e-06 3.09086184e-06 2.54055231e-04)	(-2.42999415e-06 3.40001976e-06 4.57352357e-05)	(7.64562865e-08 -3.09157919e-07 2.08319995e-04)
376             	(-2.35916570e-06 3.08825945e-06 2.53843973e-04)	(-2.43285012e-06 3.39611954e-06 4.55375340e-05)	(7.36844191e-08 -3.07860088e-07 2.08306439e-04)
377             	(-2.36452264e-06 3.08548270e-06 2.53642029e-04)	(-2.43537819e-06 3.39223335e-06 4.53487052e-05)	(7.08555576e-08 -3.06750649e-07 2.08293323e-04)
378             	(-2.36931049e-06 3.08264833e-06 2.53449881e-04)	(-2.43729010e-06 3.38847896e-06 4.51691891e-05)	(6.79796137e-08 -3.05830626e-07 2.08280692e-04)
379             	(-2.37374382e-06 3.07969631e-06 2.53267651e-04)	(-2.43881730e-06 3.38480273e-06 4.49990625e-05)	(6.50734832e-08 -3.05106420e-07 2.08268589e-04)
380             	(-2.37781080e-06 3.07657511e-06 2.53095234e-04)	(-2.43996526e-06 3.38115597e-06 4.48381780e-05)	(6.21544561e-08 -3.04580859e-07 2.08257056e-04)
381             	(-2.38140429e-06 3.07329694e-06 2.52932982e-04)	(-2.44064228e-06 3.37755172e-06 4.46868528e-05)	(5.92379962e-08 -3.04254781e-07 2.08246129e-04)
382             	(-2.38439221e-06 3.07012049e-06 2.52781435e-04)	(-2.44073111e-06 3.37424740e-06 4.45456037e-05)	(5.63388935e-08 -3.04126915e-07 2.08235831e-04)
383             	(-2.38669018e-06 3.06715573e-06 2.52641042e-04)	(-2.44016201e-06 3.37135054e-06 4.44148536e-05)	(5.34718303e-08 -3.04194815e-07 2.08226188e-04)
384             	(-2.38833978e-06 3.06435958e-06 2.52511936e-04)	(-2.43899523e-06 3.36881410e-06 4.42947240e-05)	(5.06554575e-08 -3.04454519e-07 2.08217212e-04)
385             	(-2.38950172e-06 3.06161456e-06 2.52394144e-04)	(-2.43740875e-06 3.36651663e-06 4.41852286e-05)	(4.79070301e-08 -3.04902070e-07 2.08208915e-04)
386             	(-2.39021396e-06 3.05882119e-06 2.52287316e-04)	(-2.43545329e-06 3.36435238e-06 4.40860133e-05)	(4.52393314e-08 -3.05531186e-07 2.08201303e-04)
387             	(-2.39050041e-06 3.05602672e-06 2.52191016e-04)	(-2.43316579e-06 3.36236450e-06 4.39966386e-05)	(4.26653825e-08 -3.06337779e-07 2.08194378e-04)
388             	(-2.39033330e-06 3.05332871e-06 2.52104965e-04)	(-2.43053227e-06 3.36064152e-06 4.39168255e-05)	(4.01989676e-08 -3.07312815e-07 2.08188139e-04)
389             	(-2.38967812e-06 3.05094221e-06 2.52029032e-04)	(-2.42753648e-06 3.35938813e-06 4.38464496e-05)	(3.78583600e-08 -3.08445917e-07 2.08182583e-04)
390             	(-2.38865007e-06 3.04869817e-06 2.51963248e-04)	(-2.42430830e-06 3.35842370e-06 4.37855498e-05)	(3.56582313e-08 -3.09725527e-07 2.08177698e-04)
391             	(-2.38716742e-06 3.04665065e-06 2.51907246e-04)	(-2.42078030e-06 3.35779001e-06 4.37337753e-05)	(3.36128848e-08 -3.11139360e-07 2.08173471e-04)
392             	(-2.38533389e-06 3.04480202e-06 2.51860938e-04)	(-2.41706916e-06 3.35748081e-06 4.36910547e-05)	(3.17352636e-08 -3.12678793e-07 2.08169884e-04)
393             	(-2.38322817e-06 3.04311217e-06 2.51823983e-04)	(-2.41325716e-06 3.35744734e-06 4.36570647e-05)	(3.00289872e-08 -3.14335162e-07 2.08166918e-04)
394             	(-2.38096692e-06 3.04161639e-06 2.51795959e-04)	(-2.40946959e-06 3.35771826e-06 4.36313993e-05)	(2.85026709e-08 -3.16101863e-07 2.08164560e-04)
395             	(-2.37856702e-06 3.04049345e-06 2.51776840e-04)	(-2.40574091e-06 3.35844622e-06 4.36140514e-05)	(2.71738881e-08 -3.17952767e-07 2.08162789e-04)
396             	(-2.37601313e-06 3.03970681e-06 2.51766270e-04)	(-2.40206120e-06 3.35957818e-06 4.36046871e-05)	(2.60480692e-08 -3.19871362e-07 2.08161583e-04)
397             	(-2.37339778e-06 3.03915740e-06 2.51763843e-04)	(-2.39853631e-06 3.36099692e-06 4.36029233e-05)	(2.51385300e-08 -3.21839523e-07 2.08160920e-04)
398             	(-2.37052141e-06 3.03872989e-06 2.51769114e-04)	(-2.39497432e-06 3.36257399e-06 4.36083400e-05)	(2.44529053e-08 -3.23844097e-07 2.08160774e-04)
399             	(-2.36744343e-06 3.03863606e-06 2.51781684e-04)	(-2.39143529e-06 3.36451195e-06 4.36205601e-05)	(2.39918561e-08 -3.25875890e-07 2.08161124e-04)
400             	(-2.36425273e-06 3.03887797e-06 2.51801809e-04)	(-2.38801100e-06 3.36680069e-06 4.36398619e-05)	(2.37582729e-08 -3.27922720e-07 2.08161947e-04)
401             	(-2.36102877e-06 3.03935433e-06 2.51829212e-04)	(-2.38477996e-06 3.36931886e-06 4.36659906e-05)	(2.37511942e-08 -3.29964522e-07 2.08163221e-04)
402             	(-2.35779061e-06 3.04007521e-06 2.51863575e-04)	(-2.38175746e-06 3.37206420e-06 4.36986476e-05)	(2.39668570e-08 -3.31988992e-07 2.08164927e-04)
403             	(-2.35458041e-06 3.04114366e-06 2.51904553e-04)	(-2.37898865e-06 3.37513441e-06 4.37375084e-05)	(2.44082425e-08 -3.33990744e-07 2.08167045e-04)
404             	(-2.35136517e-06 3.04251448e-06 2.51951851e-04)	(-2.37643004e-06 3.37846656e-06 4.37822995e-05)	(2.50648695e-08 -3.35952078e-07 2.08169552e-04)
405             	(-2.34799495e-06 3.04401168e-06 2.52005062e-04)	(-2.37392749e-06 3.38187550e-06 4.38326357e-05)	(2.59325353e-08 -3.37863821e-07 2.08172427e-04)
406             	(-2.34457487e-06 3.04572620e-06 2.52064064e-04)	(-2.37158083e-06 3.38543874e-06 4.38884136e-05)	(2.70059617e-08 -3.39712533e-07 2.08175651e-04)
407             	(-2.34103721e-06 3.04752105e-06 2.52128816e-04)	(-2.36931714e-06 3.38900519e-06 4.39496104e-05)	(2.82799312e-08 -3.41484140e-07 2.08179206e-04)
408             	(-2.33758721e-06 3.04943307e-06 2.52199237e-04)	(-2.36733148e-06 3.39260365e-06 4.40161598e-05)	(2.97442763e-08 -3.43170574e-07 2.08183077e-04)
409             	(-2.33421047e-06 3.05161454e-06 2.52275286e-04)	(-2.36560127e-06 3.39637603e-06 4.40880350e-05)	(3.13908014e-08 -3.44761490e-07 2.08187251e-04)
410             	(-2.33106970e-06 3.05398834e-06 2.52356763e-04)	(-2.36427639e-06 3.40023638e-06 4.41650513e-05)	(3.32066869e-08 -3.46248041e-07 2.08191712e-04)
411             	(-2.32824342e-06 3.05629996e-06 2.52443505e-04)	(-2.36342300e-06 3.40392111e-06 4.42470608e-05)	(3.51795758e-08 -3.47621153e-07 2.08196444e-04)
412             	(-2.32564221e-06 3.05867265e-06 2.52534703e-04)	(-2.36293762e-06 3.40755049e-06 4.43332697e-05)	(3.72954064e-08 -3.48877841e-07 2.08201434e-04)
413             	(-2.32360596e-06 3.06129458e-06 2.52630168e-04)	(-2.36314536e-06 3.41130552e-06 4.44235025e-05)	(3.95393922e-08 -3.50010939e-07 2.08206666e-04)
414             	(-2.32172025e-06 3.06383966e-06 2.52729238e-04)	(-2.36361267e-06 3.41484984e-06 4.45171128e-05)	(4.18924162e-08 -3.51010182e-07 2.08212125e-04)
415             	(-2.31968489e-06 3.06630438e-06 2.52832055e-04)	(-2.36402432e-06 3.41817485e-06 4.46142621e-05)	(4.43394314e-08 -3.51870475e-07 2.08217793e-04)
416             	(-2.31726236e-06 3.06867709e-06 2.52938761e-04)	(-2.36412985e-06 3.42126584e-06 4.47151052e-05)	(4.68674864e-08 -3.52588747e-07 2.08223656e-04)
417             	(-2.31503674e-06 3.07114755e-06 2.53049441e-04)	(-2.36449926e-06 3.42431105e-06 4.48197440e-05)	(4.94625204e-08 -3.53163500e-07 2.08229697e-04)
418             	(-2.31318888e-06 3.07340031e-06 2.53163635e-04)	(-2.36529825e-06 3.42699222e-06 4.49277330e-05)	(5.21093617e-08 -3.53591913e-07 2.08235902e-04)
419             	(-2.31191232e-06 3.07557482e-06 2.53280788e-04)	(-2.36670225e-06 3.42944845e-06 4.50385323e-05)	(5.47899234e-08 -3.53873626e-07 2.08242256e-04)
420             	(-2.31096401e-06 3.07759435e-06 2.53400053e-04)	(-2.36844996e-06 3.43160377e-06 4.51513127e-05)	(5.74859485e-08 -3.54009422e-07 2.08248740e-04)
421             	(-2.31029279e-06 3.07959124e-06 2.53521156e-04)	(-2.37047391e-06 3.43359155e-06 4.52658220e-05)	(6.01811194e-08 -3.54000308e-07 2.08255334e-04)
422             	(-2.30979878e-06 3.08149988e-06 2.53643732e-04)	(-2.37265787e-06 3.43534684e-06 4.53817139e-05)	(6.28590949e-08 -3.53846954e-07 2.08262018e-04)
423             	(-2.30944186e-06 3.08322453e-06 2.53767444e-04)	(-2.37494200e-06 3.43677524e-06 4.54986738e-05)	(6.55001431e-08 -3.53550704e-07 2.08268771e-04)
424             	(-2.30914373e-06 3.08468500e-06 2.53892145e-04)	(-2.37723167e-06 3.43780045e-06 4.56165764e-05)	(6.80879411e-08 -3.53115444e-07 2.08275569e-04)
425             	(-2.30903282e-06 3.08598344e-06 2.54017347e-04)	(-2.37963986e-06 3.43853015e-06 4.57349572e-05)	(7.06070392e-08 -3.52546708e-07 2.08282389e-04)
426             	(-2.30920045e-06 3.08713953e-06 2.54142285e-04)	(-2.38224284e-06 3.43898910e-06 4.58530761e-05)	(7.30423838e-08 -3.51849569e-07 2.08289208e-04)
427             	(-2.30966996e-06 3.08804010e-06 2.54266504e-04)	(-2.38504931e-06 3.43907008e-06 4.59705036e-05)	(7.53793475e-08 -3.51029978e-07 2.08296000e-04)
428             	(-2.31036181e-06 3.08868183e-06 2.54389795e-04)	(-2.38796615e-06 3.43877712e-06 4.60870547e-05)	(7.76043438e-08 -3.50095289e-07 2.08302740e-04)
429             	(-2.31120316e-06 3.08897468e-06 2.54512004e-04)	(-2.39090792e-06 3.43802717e-06 4.62025990e-05)	(7.97047617e-08 -3.49052495e-07 2.08309405e-04)
430             	(-2.31204583e-06 3.08894978e-06 2.54632414e-04)	(-2.39371400e-06 3.43685895e-06 4.63164431e-05)	(8.16681649e-08 -3.47909166e-07 2.08315971e-04)
431             	(-2.31301808e-06 3.08872733e-06 2.54750502e-04)	(-2.39650220e-06 3.43540122e-06 4.64280873e-05)	(8.34841236e-08 -3.46673884e-07 2.08322415e-04)
432             	(-2.31414413e-06 3.08842792e-06 2.54865709e-04)	(-2.39928753e-06 3.43378214e-06 4.65369986e-05)	(8.51434033e-08 -3.45354222e-07 2.08328710e-04)
433             	(-2.31541176e-06 3.08804771e-06 2.54977616e-04)	(-2.40204861e-06 3.43200626e-06 4.66427838e-05)	(8.66368504e-08 -3.43958551e-07 2.08334832e-04)
434             	(-2.31684880e-06 3.08757491e-06 2.55086035e-04)	(-2.40480640e-06 3.43007003e-06 4.67452735e-05)	(8.79576029e-08 -3.42495123e-07 2.08340761e-04)
435             	(-2.31815972e-06 3.08693010e-06 2.55190601e-04)	(-2.40725951e-06 3.42790304e-06 4.68441246e-05)	(8.90997887e-08 -3.40972947e-07 2.08346477e-04)
436             	(-2.31951070e-06 3.08632903e-06 2.55291404e-04)	(-2.40956995e-06 3.42573126e-06 4.69394444e-05)	(9.00592522e-08 -3.39402230e-07 2.08351960e-04)
437             	(-2.32079707e-06 3.08562774e-06 2.55387898e-04)	(-2.41163099e-06 3.42341796e-06 4.70307035e-05)	(9.08339226e-08 -3.37790218e-07 2.08357194e-04)
438             	(-2.32187157e-06 3.08489049e-06 2.55479811e-04)	(-2.41329529e-06 3.42103648e-06 4.71176469e-05)	(9.14237266e-08 -3.36145991e-07 2.08362164e-04)
439             	(-2.32295433e-06 3.08419598e-06 2.55566551e-04)	(-2.41478375e-06 3.41867597e-06 4.71996958e-05)	(9.18294261e-08 -3.34479986e-07 2.08366855e-04)
440             	(-2.32394579e-06 3.08338466e-06 2.55648116e-04)	(-2.41599686e-06 3.41618596e-06 4.72768634e-05)	(9.20510765e-08 -3.32801294e-07 2.08371253e-04)
441             	(-2.32481641e-06 3.08248699e-06 2.55724360e-04)	(-2.41690562e-06 3.41360602e-06 4.73490122e-05)	(9.20892101e-08 -3.31119022e-07 2.08375347e-04)
442             	(-2.32551532e-06 3.08150604e-06 2.55795211e-04)	(-2.41746141e-06 3.41094851e-06 4.74160814e-05)	(9.19460892e-08 -3.29442475e-07 2.08379130e-04)
443             	(-2.32601457e-06 3.08047873e-06 2.55860517e-04)	(-2.41764085e-06 3.40826085e-06 4.74779237e-05)	(9.16262833e-08 -3.27782113e-07 2.08382593e-04)
444             	(-2.32628647e-06 3.07943440e-06 2.55920081e-04)	(-2.41742361e-06 3.40558277e-06 4.75343474e-05)	(9.11371399e-08 -3.26148369e-07 2.08385733e-04)
445             	(-2.32632593e-06 3.07831554e-06 2.55973777e-04)	(-2.41681237e-06 3.40286691e-06 4.75852296e-05)	(9.04864377e-08 -3.24551368e-07 2.08388547e-04)
446             	(-2.32637345e-06 3.07741195e-06 2.56021938e-04)	(-2.41605580e-06 3.40041373e-06 4.76309028e-05)	(8.96823443e-08 -3.23001776e-07 2.08391035e-04)
447             	(-2.32627468e-06 3.07632620e-06 2.56064370e-04)	(-2.41500982e-06 3.39783473e-06 4.76711728e-05)	(8.87351428e-08 -3.21508533e-07 2.08393197e-04)
448             	(-2.32608762e-06 3.07533442e-06 2.56101058e-04)	(-2.41374186e-06 3.39541611e-06 4.77060232e-05)	(8.76542472e-08 -3.20081684e-07 2.08395035e-04)
449             	(-2.32591523e-06 3.07448281e-06 2.56132231e-04)	(-2.41236243e-06 3.39320983e-06 4.77356764e-05)	(8.64471964e-08 -3.18727021e-07 2.08396554e-04)
450             	(-2.32581783e-06 3.07364814e-06 2.56157683e-04)	(-2.41094019e-06 3.39109846e-06 4.77599215e-05)	(8.51223650e-08 -3.17450320e-07 2.08397762e-04)
