# Moment        
# CofR          : (0.00000000e+00 0.00000000e+00 0.00000000e+00)
#
# Time          	(total_x total_y total_z)	(pressure_x pressure_y pressure_z)	(viscous_x viscous_y viscous_z)
1               	(-6.60466870e-09 3.97782346e-09 -4.35995253e-05)	(-1.73260305e-09 1.56800971e-09 6.01725570e-07)	(-4.87206564e-09 2.40981374e-09 -4.42012508e-05)
2               	(-1.05689074e-08 -8.26447766e-09 -3.81691246e-05)	(-6.77354613e-09 -9.69449249e-09 1.22745246e-06)	(-3.79536129e-09 1.43001483e-09 -3.93965770e-05)
3               	(-1.26010006e-08 -1.08953874e-08 -3.53582642e-05)	(-9.63656492e-09 -1.21134605e-08 1.46905970e-06)	(-2.96443572e-09 1.21807313e-09 -3.68273239e-05)
4               	(-8.82619699e-09 -4.17076219e-09 -3.35696332e-05)	(-6.44325156e-09 -5.19906406e-09 1.41311954e-06)	(-2.38294543e-09 1.02830187e-09 -3.49827527e-05)
5               	(-8.57693991e-10 3.70352888e-09 -3.21592659e-05)	(1.17089257e-09 3.02534781e-09 1.38183509e-06)	(-2.02858656e-09 6.78181074e-10 -3.35411010e-05)
6               	(6.48405782e-09 6.66106504e-09 -3.08117935e-05)	(8.40134518e-09 6.40971834e-09 1.55745027e-06)	(-1.91728736e-09 2.51346704e-10 -3.23692437e-05)
7               	(8.73407922e-09 4.66401735e-09 -2.94930330e-05)	(1.07340742e-08 4.85861135e-09 1.90374015e-06)	(-1.99999495e-09 -1.94593996e-10 -3.13967731e-05)
8               	(6.48811748e-09 1.94347883e-09 -2.83062674e-05)	(8.66905549e-09 2.51551483e-09 2.27081551e-06)	(-2.18093801e-09 -5.72035995e-10 -3.05770829e-05)
9               	(2.81946068e-09 1.68818148e-09 -2.73454406e-05)	(5.19279678e-09 2.55552631e-09 2.52934472e-06)	(-2.37333610e-09 -8.67344834e-10 -2.98747853e-05)
10              	(1.50092400e-09 4.12067187e-09 -2.66142666e-05)	(4.02293569e-09 5.22632642e-09 2.64860522e-06)	(-2.52201169e-09 -1.10565455e-09 -2.92628718e-05)
11              	(3.72963141e-09 7.58399038e-09 -2.60384891e-05)	(6.37484320e-09 8.94742800e-09 2.68408412e-06)	(-2.64521179e-09 -1.36343763e-09 -2.87225732e-05)
12              	(7.69142556e-09 1.02016359e-08 -2.55244879e-05)	(1.04387021e-08 1.18673824e-08 2.71759081e-06)	(-2.74727658e-09 -1.66574654e-09 -2.82420787e-05)
13              	(1.12087557e-08 1.20845583e-08 -2.50172996e-05)	(1.40307883e-08 1.40946836e-08 2.79674674e-06)	(-2.82203255e-09 -2.01012524e-09 -2.78140463e-05)
14              	(1.29447843e-08 1.32109394e-08 -2.45170359e-05)	(1.58179059e-08 1.55800579e-08 2.91598995e-06)	(-2.87312153e-09 -2.36911848e-09 -2.74330259e-05)
15              	(1.32278834e-08 1.40205294e-08 -2.40552593e-05)	(1.61322004e-08 1.67387460e-08 3.03875930e-06)	(-2.90431691e-09 -2.71821658e-09 -2.70940186e-05)
16              	(1.28974925e-08 1.46818235e-08 -2.36613376e-05)	(1.58156644e-08 1.77355553e-08 3.13073707e-06)	(-2.91817191e-09 -3.05373180e-09 -2.67920746e-05)
17              	(1.37690058e-08 1.54740751e-08 -2.33396672e-05)	(1.67092636e-08 1.88556367e-08 3.18271892e-06)	(-2.94025780e-09 -3.38156160e-09 -2.65223861e-05)
18              	(1.58538880e-08 1.63014601e-08 -2.30728339e-05)	(1.88184723e-08 1.99952503e-08 3.20817464e-06)	(-2.96458430e-09 -3.69379014e-09 -2.62810085e-05)
19              	(1.82839888e-08 1.69206422e-08 -2.28358747e-05)	(2.12828430e-08 2.09170493e-08 3.22904146e-06)	(-2.99885415e-09 -3.99640712e-09 -2.60649162e-05)
20              	(1.92342305e-08 1.74953733e-08 -2.26145659e-05)	(2.22663143e-08 2.17770494e-08 3.25722952e-06)	(-3.03208377e-09 -4.28167609e-09 -2.58717955e-05)
21              	(1.91588125e-08 1.77873743e-08 -2.24072821e-05)	(2.22149472e-08 2.23304372e-08 3.29234127e-06)	(-3.05613469e-09 -4.54306291e-09 -2.56996234e-05)
22              	(1.83624388e-08 1.78379830e-08 -2.22213138e-05)	(2.14315813e-08 2.26264449e-08 3.32520748e-06)	(-3.06914252e-09 -4.78846193e-09 -2.55465212e-05)
23              	(1.76984344e-08 1.76495561e-08 -2.20629145e-05)	(2.07692462e-08 2.26776714e-08 3.34778440e-06)	(-3.07081171e-09 -5.02811534e-09 -2.54106989e-05)
24              	(1.75136264e-08 1.73748499e-08 -2.19322349e-05)	(2.05668045e-08 2.26348238e-08 3.35830062e-06)	(-3.05317810e-09 -5.25997388e-09 -2.52905356e-05)
25              	(1.79675039e-08 1.73933375e-08 -2.18243483e-05)	(2.09874262e-08 2.28812177e-08 3.36031361e-06)	(-3.01992235e-09 -5.48788010e-09 -2.51846620e-05)
26              	(1.86877596e-08 1.75698970e-08 -2.17330440e-05)	(2.16649944e-08 2.32779694e-08 3.35884271e-06)	(-2.97723474e-09 -5.70807237e-09 -2.50918867e-05)
27              	(1.93908563e-08 1.77430463e-08 -2.16550480e-05)	(2.23151575e-08 2.36605414e-08 3.35615055e-06)	(-2.92430128e-09 -5.91749513e-09 -2.50111986e-05)
28              	(1.98265617e-08 1.74911537e-08 -2.15907913e-05)	(2.27000127e-08 2.36079324e-08 3.35083309e-06)	(-2.87345092e-09 -6.11677867e-09 -2.49416244e-05)
29              	(2.03551961e-08 1.67009040e-08 -2.15417021e-05)	(2.31709294e-08 2.29866504e-08 3.34052661e-06)	(-2.81573329e-09 -6.28574643e-09 -2.48822287e-05)
30              	(2.09391988e-08 1.54836734e-08 -2.15079708e-05)	(2.36888546e-08 2.19147390e-08 3.32411933e-06)	(-2.74965583e-09 -6.43106561e-09 -2.48320901e-05)
31              	(2.12993897e-08 1.41615643e-08 -2.14871650e-05)	(2.39830614e-08 2.07142548e-08 3.30316767e-06)	(-2.68367166e-09 -6.55269047e-09 -2.47903326e-05)
32              	(2.14486528e-08 1.29483970e-08 -2.14759973e-05)	(2.40680446e-08 1.96002299e-08 3.28016165e-06)	(-2.61939179e-09 -6.65183288e-09 -2.47561590e-05)
33              	(2.12483555e-08 1.17311891e-08 -2.14726452e-05)	(2.38067529e-08 1.84579305e-08 3.25617265e-06)	(-2.55839746e-09 -6.72674135e-09 -2.47288178e-05)
34              	(2.09288314e-08 1.01785390e-08 -2.14759815e-05)	(2.34268467e-08 1.69653460e-08 3.23158832e-06)	(-2.49801536e-09 -6.78680706e-09 -2.47075698e-05)
35              	(2.04274774e-08 7.96869468e-09 -2.14856641e-05)	(2.28757356e-08 1.48007637e-08 3.20603902e-06)	(-2.44825821e-09 -6.83206902e-09 -2.46917031e-05)
36              	(1.99988145e-08 4.63953656e-09 -2.15010751e-05)	(2.24072280e-08 1.14937071e-08 3.17943882e-06)	(-2.40841352e-09 -6.85417050e-09 -2.46805139e-05)
37              	(1.93237622e-08 8.52905946e-10 -2.15216916e-05)	(2.17036523e-08 7.70992472e-09 3.15164259e-06)	(-2.37989016e-09 -6.85701877e-09 -2.46733342e-05)
38              	(1.82332499e-08 -2.41183507e-09 -2.15459056e-05)	(2.05965860e-08 4.43460216e-09 3.12360502e-06)	(-2.36333605e-09 -6.84643723e-09 -2.46695106e-05)
39              	(1.77830239e-08 -5.25339528e-09 -2.15709003e-05)	(2.01348811e-08 1.57073287e-09 3.09750770e-06)	(-2.35185725e-09 -6.82412815e-09 -2.46684080e-05)
40              	(1.81097279e-08 -8.60396107e-09 -2.15948775e-05)	(2.04683034e-08 -1.80553402e-09 3.07460449e-06)	(-2.35857550e-09 -6.79842705e-09 -2.46694820e-05)
41              	(1.93553734e-08 -1.31907676e-08 -2.16174179e-05)	(2.17267392e-08 -6.41229954e-09 3.05479771e-06)	(-2.37136581e-09 -6.77846810e-09 -2.46722156e-05)
42              	(2.07903151e-08 -1.84235744e-08 -2.16400304e-05)	(2.31812352e-08 -1.16562965e-08 3.03610061e-06)	(-2.39092006e-09 -6.76727794e-09 -2.46761310e-05)
43              	(2.24707345e-08 -2.41088450e-08 -2.16633749e-05)	(2.48733304e-08 -1.73521827e-08 3.01742462e-06)	(-2.40259589e-09 -6.75666225e-09 -2.46807996e-05)
44              	(2.33553196e-08 -2.96130130e-08 -2.16871670e-05)	(2.57524253e-08 -2.28674909e-08 2.99867181e-06)	(-2.39710565e-09 -6.74552208e-09 -2.46858388e-05)
45              	(2.28307772e-08 -3.42748144e-08 -2.17096206e-05)	(2.52020305e-08 -2.75430185e-08 2.98128618e-06)	(-2.37125323e-09 -6.73179583e-09 -2.46909068e-05)
46              	(2.18631459e-08 -3.75908830e-08 -2.17290482e-05)	(2.42016045e-08 -3.08754482e-08 2.96665919e-06)	(-2.33845858e-09 -6.71543478e-09 -2.46957074e-05)
47              	(2.19341484e-08 -3.98318534e-08 -2.17456054e-05)	(2.42564939e-08 -3.31329913e-08 2.95438306e-06)	(-2.32234548e-09 -6.69886217e-09 -2.46999884e-05)
48              	(2.40602865e-08 -4.20752930e-08 -2.17613925e-05)	(2.63765206e-08 -3.54039690e-08 2.94212322e-06)	(-2.31623412e-09 -6.67132391e-09 -2.47035157e-05)
49              	(2.73382974e-08 -4.53276474e-08 -2.17773629e-05)	(2.96621696e-08 -3.86960946e-08 2.92874052e-06)	(-2.32387218e-09 -6.63155281e-09 -2.47061034e-05)
50              	(3.07073510e-08 -4.93552522e-08 -2.17927663e-05)	(3.30570235e-08 -4.27886368e-08 2.91482255e-06)	(-2.34967253e-09 -6.56661544e-09 -2.47075889e-05)
51              	(3.32136061e-08 -5.34511068e-08 -2.18058989e-05)	(3.55894009e-08 -4.69787468e-08 2.90193563e-06)	(-2.37579479e-09 -6.47235995e-09 -2.47078345e-05)
52              	(3.49874536e-08 -5.76406450e-08 -2.18155223e-05)	(3.73972047e-08 -5.12901121e-08 2.89119812e-06)	(-2.40975108e-09 -6.35053290e-09 -2.47067205e-05)
53              	(3.54273407e-08 -6.20086859e-08 -2.18218971e-05)	(3.78712899e-08 -5.57982048e-08 2.88225539e-06)	(-2.44394922e-09 -6.21048114e-09 -2.47041525e-05)
54              	(3.51235672e-08 -6.56864549e-08 -2.18255993e-05)	(3.76293302e-08 -5.96244417e-08 2.87446350e-06)	(-2.50576300e-09 -6.06201321e-09 -2.47000628e-05)
55              	(3.49585831e-08 -6.81229379e-08 -2.18268864e-05)	(3.75558705e-08 -6.22004168e-08 2.86750859e-06)	(-2.59728741e-09 -5.92252119e-09 -2.46943949e-05)
56              	(3.62599838e-08 -6.90310098e-08 -2.18253868e-05)	(3.89547523e-08 -6.32554646e-08 2.86171255e-06)	(-2.69476853e-09 -5.77554515e-09 -2.46870994e-05)
57              	(3.91380690e-08 -6.93306607e-08 -2.18209765e-05)	(4.19373796e-08 -6.36866200e-08 2.85716186e-06)	(-2.79931055e-09 -5.64404073e-09 -2.46781384e-05)
58              	(4.27010462e-08 -7.03212994e-08 -2.18141235e-05)	(4.56259407e-08 -6.48190400e-08 2.85334290e-06)	(-2.92489449e-09 -5.50225936e-09 -2.46674664e-05)
59              	(4.61132353e-08 -7.26447437e-08 -2.18056700e-05)	(4.91848870e-08 -6.72722347e-08 2.84940868e-06)	(-3.07165171e-09 -5.37250898e-09 -2.46550786e-05)
60              	(4.86489870e-08 -7.60436327e-08 -2.17963838e-05)	(5.18821920e-08 -7.07991735e-08 2.84459294e-06)	(-3.23320506e-09 -5.24445914e-09 -2.46409767e-05)
61              	(5.02392625e-08 -7.93544845e-08 -2.17863964e-05)	(5.36531690e-08 -7.42297772e-08 2.83884443e-06)	(-3.41390653e-09 -5.12470727e-09 -2.46252408e-05)
62              	(5.13485497e-08 -8.13688311e-08 -2.17753754e-05)	(5.49768270e-08 -7.63717312e-08 2.83258846e-06)	(-3.62827733e-09 -4.99709984e-09 -2.46079638e-05)
63              	(5.21729711e-08 -8.16170536e-08 -2.17633040e-05)	(5.60228786e-08 -7.67482744e-08 2.82599815e-06)	(-3.84990753e-09 -4.86877924e-09 -2.45893021e-05)
64              	(5.25453986e-08 -8.04397845e-08 -2.17506333e-05)	(5.66144428e-08 -7.57038729e-08 2.81883390e-06)	(-4.06904427e-09 -4.73591162e-09 -2.45694672e-05)
65              	(5.19563063e-08 -7.86129321e-08 -2.17374072e-05)	(5.62679469e-08 -7.40165090e-08 2.81126722e-06)	(-4.31164056e-09 -4.59642309e-09 -2.45486744e-05)
66              	(5.05971427e-08 -7.63386708e-08 -2.17234313e-05)	(5.51543453e-08 -7.18849117e-08 2.80374186e-06)	(-4.55720267e-09 -4.45375914e-09 -2.45271732e-05)
67              	(4.87831732e-08 -7.34063134e-08 -2.17086516e-05)	(5.35670791e-08 -6.90852191e-08 2.79651648e-06)	(-4.78390590e-09 -4.32109423e-09 -2.45051681e-05)
68              	(4.64489251e-08 -6.96665442e-08 -2.16931805e-05)	(5.14259145e-08 -6.54530259e-08 2.78974937e-06)	(-4.97698938e-09 -4.21351825e-09 -2.44829299e-05)
69              	(4.37348993e-08 -6.52999442e-08 -2.16770644e-05)	(4.88741614e-08 -6.11861784e-08 2.78360930e-06)	(-5.13926209e-09 -4.11376572e-09 -2.44606737e-05)
70              	(4.06248128e-08 -6.02644001e-08 -2.16604849e-05)	(4.58929000e-08 -5.62324724e-08 2.77812904e-06)	(-5.26808715e-09 -4.03192768e-09 -2.44386139e-05)
71              	(3.74868376e-08 -5.43333339e-08 -2.16437151e-05)	(4.28647551e-08 -5.03569550e-08 2.77326081e-06)	(-5.37791756e-09 -3.97637897e-09 -2.44169759e-05)
72              	(3.49182998e-08 -4.77287061e-08 -2.16271731e-05)	(4.03860406e-08 -4.37994515e-08 2.76878898e-06)	(-5.46774079e-09 -3.92925464e-09 -2.43959621e-05)
73              	(3.31328535e-08 -4.12992469e-08 -2.16111784e-05)	(3.86630903e-08 -3.73895516e-08 2.76458534e-06)	(-5.53023683e-09 -3.90969534e-09 -2.43757638e-05)
74              	(3.19292611e-08 -3.56153398e-08 -2.15959189e-05)	(3.75141792e-08 -3.17029147e-08 2.76062401e-06)	(-5.58491807e-09 -3.91242520e-09 -2.43565429e-05)
75              	(3.10821350e-08 -3.08913318e-08 -2.15817585e-05)	(3.67110605e-08 -2.69577778e-08 2.75668726e-06)	(-5.62892557e-09 -3.93355401e-09 -2.43384458e-05)
76              	(3.02655834e-08 -2.72410350e-08 -2.15688101e-05)	(3.59302028e-08 -2.32542166e-08 2.75278805e-06)	(-5.66461936e-09 -3.98681849e-09 -2.43215981e-05)
77              	(2.94972955e-08 -2.47934219e-08 -2.15569126e-05)	(3.51977379e-08 -2.07236528e-08 2.74917415e-06)	(-5.70044235e-09 -4.06976912e-09 -2.43060867e-05)
78              	(2.89604484e-08 -2.35371838e-08 -2.15456136e-05)	(3.46969388e-08 -1.93752904e-08 2.74636927e-06)	(-5.73649045e-09 -4.16189345e-09 -2.42919829e-05)
79              	(2.86624502e-08 -2.34417229e-08 -2.15343531e-05)	(3.44373905e-08 -1.91843870e-08 2.74500204e-06)	(-5.77494031e-09 -4.25733592e-09 -2.42793551e-05)
80              	(2.87840903e-08 -2.40476227e-08 -2.15230049e-05)	(3.45992540e-08 -1.96879180e-08 2.74524086e-06)	(-5.81516372e-09 -4.35970473e-09 -2.42682458e-05)
81              	(2.92272121e-08 -2.50665787e-08 -2.15118946e-05)	(3.50730114e-08 -2.05977213e-08 2.74679881e-06)	(-5.84579931e-09 -4.46885734e-09 -2.42586934e-05)
82              	(2.98262594e-08 -2.65035707e-08 -2.15013740e-05)	(3.56976139e-08 -2.19208547e-08 2.74934920e-06)	(-5.87135446e-09 -4.58271599e-09 -2.42507232e-05)
83              	(3.05265986e-08 -2.86059811e-08 -2.14915951e-05)	(3.64252293e-08 -2.39112064e-08 2.75275195e-06)	(-5.89863065e-09 -4.69477472e-09 -2.42443471e-05)
84              	(3.12941340e-08 -3.13559561e-08 -2.14826863e-05)	(3.72224033e-08 -2.65630531e-08 2.75686599e-06)	(-5.92826925e-09 -4.79290301e-09 -2.42395523e-05)
85              	(3.21465103e-08 -3.46844985e-08 -2.14745622e-05)	(3.81048744e-08 -2.98096783e-08 2.76175382e-06)	(-5.95836405e-09 -4.87482021e-09 -2.42363161e-05)
86              	(3.29758666e-08 -3.83783780e-08 -2.14669034e-05)	(3.89614423e-08 -3.34359515e-08 2.76769823e-06)	(-5.98557574e-09 -4.94242650e-09 -2.42346017e-05)
87              	(3.35579057e-08 -4.20806674e-08 -2.14592295e-05)	(3.95672982e-08 -3.70821585e-08 2.77513656e-06)	(-6.00939256e-09 -4.99850888e-09 -2.42343660e-05)
88              	(3.38934185e-08 -4.56462225e-08 -2.14513652e-05)	(3.99194054e-08 -4.05995301e-08 2.78418215e-06)	(-6.02598689e-09 -5.04669238e-09 -2.42355474e-05)
89              	(3.39071592e-08 -4.90020037e-08 -2.14433946e-05)	(3.99441714e-08 -4.39122025e-08 2.79468880e-06)	(-6.03701224e-09 -5.08980122e-09 -2.42380834e-05)
90              	(3.36961597e-08 -5.22213142e-08 -2.14352509e-05)	(3.97401148e-08 -4.70962458e-08 2.80665407e-06)	(-6.04395511e-09 -5.12506839e-09 -2.42419050e-05)
91              	(3.34932273e-08 -5.52737311e-08 -2.14268520e-05)	(3.95419442e-08 -5.01241923e-08 2.82009040e-06)	(-6.04871683e-09 -5.14953871e-09 -2.42469424e-05)
92              	(3.33848111e-08 -5.81298564e-08 -2.14181163e-05)	(3.94400086e-08 -5.29756286e-08 2.83500562e-06)	(-6.05519750e-09 -5.15422780e-09 -2.42531219e-05)
93              	(3.33458919e-08 -6.06711375e-08 -2.14089864e-05)	(3.94065331e-08 -5.55306155e-08 2.85137993e-06)	(-6.06064124e-09 -5.14052206e-09 -2.42603664e-05)
94              	(3.33070639e-08 -6.27774176e-08 -2.13995356e-05)	(3.93689233e-08 -5.76593791e-08 2.86906074e-06)	(-6.06185942e-09 -5.11803857e-09 -2.42685963e-05)
95              	(3.31532584e-08 -6.45157271e-08 -2.13895545e-05)	(3.92096900e-08 -5.94295140e-08 2.88817482e-06)	(-6.05643161e-09 -5.08621311e-09 -2.42777293e-05)
96              	(3.29068940e-08 -6.60742677e-08 -2.13791242e-05)	(3.89526954e-08 -6.10277218e-08 2.90857953e-06)	(-6.04580141e-09 -5.04654586e-09 -2.42877037e-05)
97              	(3.26683657e-08 -6.76488461e-08 -2.13683798e-05)	(3.86883586e-08 -6.26479174e-08 2.93006179e-06)	(-6.01999291e-09 -5.00092874e-09 -2.42984415e-05)
98              	(3.25240110e-08 -6.92471118e-08 -2.13572577e-05)	(3.85160933e-08 -6.43003229e-08 2.95261289e-06)	(-5.99208225e-09 -4.94678886e-09 -2.43098706e-05)
99              	(3.24540753e-08 -7.06168313e-08 -2.13458793e-05)	(3.84146856e-08 -6.57310175e-08 2.97604747e-06)	(-5.96061025e-09 -4.88581382e-09 -2.43219267e-05)
100             	(3.24696653e-08 -7.17391428e-08 -2.13341995e-05)	(3.83925602e-08 -6.69162429e-08 3.00034130e-06)	(-5.92289486e-09 -4.82289992e-09 -2.43345407e-05)
101             	(3.25229244e-08 -7.26065397e-08 -2.13223005e-05)	(3.84076704e-08 -6.78515721e-08 3.02535247e-06)	(-5.88474600e-09 -4.75496763e-09 -2.43476530e-05)
102             	(3.24705455e-08 -7.33768212e-08 -2.13102388e-05)	(3.83162074e-08 -6.86965542e-08 3.05096874e-06)	(-5.84566189e-09 -4.68026699e-09 -2.43612075e-05)
103             	(3.22071464e-08 -7.41314028e-08 -2.12980371e-05)	(3.80165001e-08 -6.95303850e-08 3.07711028e-06)	(-5.80935372e-09 -4.60101781e-09 -2.43751473e-05)
104             	(3.17427752e-08 -7.47668349e-08 -2.12858659e-05)	(3.75185329e-08 -7.02478046e-08 3.10355390e-06)	(-5.77575771e-09 -4.51903036e-09 -2.43894198e-05)
105             	(3.10660453e-08 -7.52661104e-08 -2.12738778e-05)	(3.68127578e-08 -7.08305169e-08 3.13009529e-06)	(-5.74671254e-09 -4.43559353e-09 -2.44039731e-05)
106             	(3.01324566e-08 -7.56805892e-08 -2.12622904e-05)	(3.58560664e-08 -7.13282012e-08 3.15646353e-06)	(-5.72360983e-09 -4.35238802e-09 -2.44187539e-05)
107             	(2.90370145e-08 -7.60266645e-08 -2.12513134e-05)	(3.47486973e-08 -7.17533667e-08 3.18239006e-06)	(-5.71168280e-09 -4.27329782e-09 -2.44337034e-05)
108             	(2.79037801e-08 -7.61795656e-08 -2.12412434e-05)	(3.36196679e-08 -7.19771930e-08 3.20752846e-06)	(-5.71588776e-09 -4.20237264e-09 -2.44487719e-05)
109             	(2.68426736e-08 -7.62275607e-08 -2.12322766e-05)	(3.25754657e-08 -7.20852547e-08 3.23163649e-06)	(-5.73279217e-09 -4.14230596e-09 -2.44639131e-05)
110             	(2.58786983e-08 -7.63784411e-08 -2.12245907e-05)	(3.16408219e-08 -7.22859703e-08 3.25448273e-06)	(-5.76212353e-09 -4.09247088e-09 -2.44790734e-05)
111             	(2.49463899e-08 -7.66738868e-08 -2.12185054e-05)	(3.07514019e-08 -7.26155812e-08 3.27570609e-06)	(-5.80501199e-09 -4.05830562e-09 -2.44942115e-05)
112             	(2.39983255e-08 -7.70418944e-08 -2.12141681e-05)	(2.98603219e-08 -7.30014280e-08 3.29512280e-06)	(-5.86199636e-09 -4.04046639e-09 -2.45092909e-05)
113             	(2.30629699e-08 -7.72230662e-08 -2.12116692e-05)	(2.89945215e-08 -7.31871525e-08 3.31259049e-06)	(-5.93155164e-09 -4.03591368e-09 -2.45242597e-05)
114             	(2.22321177e-08 -7.70810022e-08 -2.12109929e-05)	(2.82437745e-08 -7.30364166e-08 3.32808061e-06)	(-6.01165678e-09 -4.04458560e-09 -2.45390735e-05)
115             	(2.16253486e-08 -7.65766351e-08 -2.12120658e-05)	(2.77237444e-08 -7.25111282e-08 3.34161389e-06)	(-6.09839582e-09 -4.06550694e-09 -2.45536797e-05)
116             	(2.14214507e-08 -7.58672653e-08 -2.12148408e-05)	(2.76170583e-08 -7.17681278e-08 3.35319099e-06)	(-6.19560760e-09 -4.09913750e-09 -2.45680318e-05)
117             	(2.15585851e-08 -7.52329757e-08 -2.12190814e-05)	(2.78551195e-08 -7.10909486e-08 3.36300211e-06)	(-6.29653442e-09 -4.14202710e-09 -2.45820836e-05)
118             	(2.19215895e-08 -7.45362877e-08 -2.12246496e-05)	(2.83207791e-08 -7.03412818e-08 3.37114746e-06)	(-6.39918960e-09 -4.19500592e-09 -2.45957971e-05)
119             	(2.23168963e-08 -7.37412668e-08 -2.12312978e-05)	(2.88189459e-08 -6.94836380e-08 3.37783710e-06)	(-6.50204961e-09 -4.25762879e-09 -2.46091349e-05)
120             	(2.26596041e-08 -7.26621860e-08 -2.12387650e-05)	(2.92600713e-08 -6.83339150e-08 3.38329890e-06)	(-6.60046716e-09 -4.32827104e-09 -2.46220639e-05)
121             	(2.29408777e-08 -7.11673340e-08 -2.12469577e-05)	(2.96346902e-08 -6.67619326e-08 3.38759026e-06)	(-6.69381256e-09 -4.40540135e-09 -2.46345480e-05)
122             	(2.33247398e-08 -6.93351652e-08 -2.12558427e-05)	(3.01024654e-08 -6.48494229e-08 3.39071137e-06)	(-6.77772558e-09 -4.48574227e-09 -2.46465541e-05)
123             	(2.38173451e-08 -6.74141852e-08 -2.12653806e-05)	(3.06712542e-08 -6.28486043e-08 3.39265976e-06)	(-6.85390907e-09 -4.56558087e-09 -2.46580403e-05)
124             	(2.44363730e-08 -6.56284101e-08 -2.12755474e-05)	(3.13629401e-08 -6.09885510e-08 3.39341611e-06)	(-6.92656713e-09 -4.63985903e-09 -2.46689635e-05)
125             	(2.49910021e-08 -6.39802318e-08 -2.12862371e-05)	(3.19884363e-08 -5.92751556e-08 3.39304897e-06)	(-6.99743411e-09 -4.70507625e-09 -2.46792860e-05)
126             	(2.54167938e-08 -6.23263826e-08 -2.12974248e-05)	(3.24839214e-08 -5.75669805e-08 3.39154527e-06)	(-7.06712755e-09 -4.75940204e-09 -2.46889701e-05)
127             	(2.56079176e-08 -6.05094178e-08 -2.13092904e-05)	(3.27385860e-08 -5.57097139e-08 3.38869148e-06)	(-7.13066849e-09 -4.79970398e-09 -2.46979819e-05)
128             	(2.55460550e-08 -5.83847378e-08 -2.13220190e-05)	(3.27317155e-08 -5.35585213e-08 3.38427137e-06)	(-7.18566047e-09 -4.82621650e-09 -2.47062903e-05)
129             	(2.52679482e-08 -5.61678803e-08 -2.13355409e-05)	(3.25002018e-08 -5.13270808e-08 3.37832807e-06)	(-7.23225363e-09 -4.84079949e-09 -2.47138690e-05)
130             	(2.49659690e-08 -5.40516420e-08 -2.13499043e-05)	(3.22375912e-08 -4.92062127e-08 3.37079041e-06)	(-7.27162214e-09 -4.84542930e-09 -2.47206948e-05)
131             	(2.48062208e-08 -5.23489572e-08 -2.13650475e-05)	(3.21096610e-08 -4.75063993e-08 3.36170024e-06)	(-7.30344016e-09 -4.84255786e-09 -2.47267477e-05)
132             	(2.47177242e-08 -5.10012715e-08 -2.13811878e-05)	(3.20476414e-08 -4.61705413e-08 3.35082138e-06)	(-7.32991717e-09 -4.83073024e-09 -2.47320092e-05)
133             	(2.47864358e-08 -4.98725261e-08 -2.13983849e-05)	(3.21367943e-08 -4.50607740e-08 3.33807714e-06)	(-7.35035857e-09 -4.81175212e-09 -2.47364620e-05)
134             	(2.50608242e-08 -4.88323005e-08 -2.14166662e-05)	(3.24254480e-08 -4.40485572e-08 3.32342700e-06)	(-7.36462380e-09 -4.78374330e-09 -2.47400932e-05)
135             	(2.54988288e-08 -4.78250778e-08 -2.14357885e-05)	(3.28739197e-08 -4.30783230e-08 3.30710463e-06)	(-7.37509092e-09 -4.74675486e-09 -2.47428931e-05)
136             	(2.61396969e-08 -4.71714219e-08 -2.14556163e-05)	(3.35239264e-08 -4.24674806e-08 3.28924511e-06)	(-7.38422951e-09 -4.70394131e-09 -2.47448614e-05)
137             	(2.67358098e-08 -4.68541486e-08 -2.14759725e-05)	(3.41257718e-08 -4.21974688e-08 3.27002298e-06)	(-7.38996199e-09 -4.65667983e-09 -2.47459954e-05)
138             	(2.72563794e-08 -4.66622779e-08 -2.14968062e-05)	(3.46497496e-08 -4.20557648e-08 3.24949957e-06)	(-7.39337021e-09 -4.60651309e-09 -2.47463058e-05)
139             	(2.77522374e-08 -4.66514223e-08 -2.15179480e-05)	(3.51486928e-08 -4.20944446e-08 3.22785304e-06)	(-7.39645534e-09 -4.55697766e-09 -2.47458011e-05)
140             	(2.84057128e-08 -4.64171670e-08 -2.15392839e-05)	(3.58044516e-08 -4.19075331e-08 3.20520966e-06)	(-7.39873874e-09 -4.50963384e-09 -2.47444935e-05)
141             	(2.95332156e-08 -4.60357195e-08 -2.15605218e-05)	(3.69329371e-08 -4.15692157e-08 3.18187751e-06)	(-7.39972148e-09 -4.46650380e-09 -2.47423993e-05)
142             	(3.04941816e-08 -4.59525846e-08 -2.15812516e-05)	(3.78937369e-08 -4.15216931e-08 3.15828548e-06)	(-7.39955524e-09 -4.43089149e-09 -2.47395370e-05)
143             	(3.15515771e-08 -4.62644301e-08 -2.16014831e-05)	(3.89489258e-08 -4.18627407e-08 3.13444483e-06)	(-7.39734873e-09 -4.40168942e-09 -2.47359279e-05)
144             	(3.27190001e-08 -4.66192749e-08 -2.16214127e-05)	(4.01125948e-08 -4.22426428e-08 3.11018664e-06)	(-7.39359472e-09 -4.37663216e-09 -2.47315993e-05)
145             	(3.39470802e-08 -4.68343984e-08 -2.16405426e-05)	(4.13351446e-08 -4.24808479e-08 3.08603954e-06)	(-7.38806440e-09 -4.35355053e-09 -2.47265822e-05)
146             	(3.51289524e-08 -4.72304861e-08 -2.16586921e-05)	(4.25104221e-08 -4.29009104e-08 3.06222243e-06)	(-7.38146973e-09 -4.32957564e-09 -2.47209145e-05)
147             	(3.63419173e-08 -4.77429206e-08 -2.16758064e-05)	(4.37146140e-08 -4.34379332e-08 3.03882845e-06)	(-7.37269666e-09 -4.30498746e-09 -2.47146348e-05)
148             	(3.73406814e-08 -4.82599055e-08 -2.16916234e-05)	(4.47025518e-08 -4.39807659e-08 3.01616185e-06)	(-7.36187041e-09 -4.27913960e-09 -2.47077852e-05)
149             	(3.83816936e-08 -4.88249165e-08 -2.17061542e-05)	(4.57274926e-08 -4.45721121e-08 2.99426020e-06)	(-7.34579902e-09 -4.25280446e-09 -2.47004144e-05)
150             	(3.92935101e-08 -4.93685225e-08 -2.17191814e-05)	(4.66176859e-08 -4.51427108e-08 2.97339128e-06)	(-7.32417582e-09 -4.22581169e-09 -2.46925727e-05)
151             	(4.01528481e-08 -4.99308631e-08 -2.17305731e-05)	(4.74514087e-08 -4.57327737e-08 2.95374290e-06)	(-7.29856063e-09 -4.19808933e-09 -2.46843160e-05)
152             	(4.09065664e-08 -5.04944136e-08 -2.17405367e-05)	(4.81782285e-08 -4.63262699e-08 2.93516425e-06)	(-7.27166206e-09 -4.16814370e-09 -2.46757009e-05)
153             	(4.15114526e-08 -5.11116033e-08 -2.17490373e-05)	(4.87544071e-08 -4.69750003e-08 2.91774915e-06)	(-7.24295450e-09 -4.13660304e-09 -2.46667865e-05)
154             	(4.19980945e-08 -5.18756060e-08 -2.17563089e-05)	(4.92104567e-08 -4.77715658e-08 2.90132445e-06)	(-7.21236222e-09 -4.10404015e-09 -2.46576333e-05)
155             	(4.23210252e-08 -5.30388326e-08 -2.17621867e-05)	(4.95002938e-08 -4.89684043e-08 2.88611612e-06)	(-7.17926864e-09 -4.07042837e-09 -2.46483028e-05)
156             	(4.25906728e-08 -5.45316451e-08 -2.17663983e-05)	(4.97335130e-08 -5.04952923e-08 2.87246333e-06)	(-7.14284023e-09 -4.03635279e-09 -2.46388616e-05)
157             	(4.27987398e-08 -5.58296608e-08 -2.17691913e-05)	(4.99036029e-08 -5.18248571e-08 2.86017933e-06)	(-7.10486318e-09 -4.00480365e-09 -2.46293706e-05)
158             	(4.29308666e-08 -5.67567846e-08 -2.17708148e-05)	(4.99962448e-08 -5.27780004e-08 2.84907660e-06)	(-7.06537813e-09 -3.97878424e-09 -2.46198914e-05)
159             	(4.29120184e-08 -5.72054732e-08 -2.17713059e-05)	(4.99360038e-08 -5.32451838e-08 2.83917840e-06)	(-7.02398534e-09 -3.96028944e-09 -2.46104843e-05)
160             	(4.27689943e-08 -5.77336219e-08 -2.17708783e-05)	(4.97496338e-08 -5.37839474e-08 2.83032721e-06)	(-6.98063945e-09 -3.94967450e-09 -2.46012055e-05)
161             	(4.25802512e-08 -5.86197324e-08 -2.17693976e-05)	(4.95144896e-08 -5.46732507e-08 2.82270717e-06)	(-6.93423840e-09 -3.94648168e-09 -2.45921048e-05)
162             	(4.22059177e-08 -5.97995181e-08 -2.17668509e-05)	(4.90904297e-08 -5.58482409e-08 2.81637881e-06)	(-6.88451206e-09 -3.95127715e-09 -2.45832297e-05)
163             	(4.16029399e-08 -6.07763668e-08 -2.17635901e-05)	(4.84359964e-08 -5.68128633e-08 2.81103350e-06)	(-6.83305652e-09 -3.96350344e-09 -2.45746236e-05)
164             	(4.10312448e-08 -6.10987210e-08 -2.17596972e-05)	(4.78118940e-08 -5.71150767e-08 2.80662642e-06)	(-6.78064928e-09 -3.98364435e-09 -2.45663236e-05)
165             	(4.05404997e-08 -6.10063522e-08 -2.17554078e-05)	(4.72670352e-08 -5.69952223e-08 2.80295282e-06)	(-6.72653550e-09 -4.01112983e-09 -2.45583607e-05)
166             	(3.99698558e-08 -6.08821364e-08 -2.17508907e-05)	(4.66402444e-08 -5.68363908e-08 2.79987131e-06)	(-6.67038858e-09 -4.04574557e-09 -2.45507620e-05)
167             	(3.94299348e-08 -6.07404457e-08 -2.17462527e-05)	(4.60404081e-08 -5.66531314e-08 2.79729617e-06)	(-6.61047332e-09 -4.08731427e-09 -2.45435488e-05)
168             	(3.87337565e-08 -6.05651726e-08 -2.17415659e-05)	(4.52800670e-08 -5.64313537e-08 2.79517473e-06)	(-6.54631052e-09 -4.13381893e-09 -2.45367406e-05)
169             	(3.81546450e-08 -6.00978180e-08 -2.17369815e-05)	(4.46307874e-08 -5.59134737e-08 2.79336977e-06)	(-6.47614242e-09 -4.18434431e-09 -2.45303513e-05)
170             	(3.75901219e-08 -5.93759111e-08 -2.17327056e-05)	(4.39909512e-08 -5.51389444e-08 2.79168598e-06)	(-6.40082930e-09 -4.23696675e-09 -2.45243916e-05)
171             	(3.73122978e-08 -5.84527652e-08 -2.17289280e-05)	(4.36306991e-08 -5.41624554e-08 2.78994014e-06)	(-6.31840127e-09 -4.29030986e-09 -2.45188682e-05)
172             	(3.72245584e-08 -5.74731541e-08 -2.17257944e-05)	(4.34525848e-08 -5.31298567e-08 2.78798858e-06)	(-6.22802637e-09 -4.34329742e-09 -2.45137830e-05)
173             	(3.73008429e-08 -5.65304374e-08 -2.17232902e-05)	(4.34308959e-08 -5.21368337e-08 2.78584346e-06)	(-6.13005300e-09 -4.39360370e-09 -2.45091337e-05)
174             	(3.74560913e-08 -5.56068835e-08 -2.17214733e-05)	(4.34805989e-08 -5.11672829e-08 2.78344104e-06)	(-6.02450752e-09 -4.43960062e-09 -2.45049143e-05)
175             	(3.78239909e-08 -5.46115045e-08 -2.17204250e-05)	(4.37344387e-08 -5.01303938e-08 2.78068984e-06)	(-5.91044781e-09 -4.48111063e-09 -2.45011149e-05)
176             	(3.82453969e-08 -5.35944324e-08 -2.17202212e-05)	(4.40324656e-08 -4.90767100e-08 2.77750068e-06)	(-5.78706872e-09 -4.51772234e-09 -2.44977219e-05)
177             	(3.88646673e-08 -5.25300884e-08 -2.17209400e-05)	(4.45187669e-08 -4.79814051e-08 2.77377808e-06)	(-5.65409963e-09 -4.54868335e-09 -2.44947181e-05)
178             	(3.97485619e-08 -5.13508643e-08 -2.17225689e-05)	(4.52598648e-08 -4.67766492e-08 2.76951478e-06)	(-5.51130296e-09 -4.57421516e-09 -2.44920837e-05)
179             	(4.08431156e-08 -5.02197624e-08 -2.17250800e-05)	(4.62013663e-08 -4.56269969e-08 2.76471756e-06)	(-5.35825064e-09 -4.59276546e-09 -2.44897975e-05)
180             	(4.20593409e-08 -4.92390285e-08 -2.17285094e-05)	(4.72555009e-08 -4.46337723e-08 2.75932659e-06)	(-5.19615996e-09 -4.60525621e-09 -2.44878360e-05)
181             	(4.33669236e-08 -4.83393027e-08 -2.17327030e-05)	(4.83927725e-08 -4.37291177e-08 2.75347195e-06)	(-5.02584893e-09 -4.61018497e-09 -2.44861750e-05)
182             	(4.47654790e-08 -4.75047092e-08 -2.17375544e-05)	(4.96134327e-08 -4.28961124e-08 2.74723598e-06)	(-4.84795375e-09 -4.60859680e-09 -2.44847903e-05)
183             	(4.62656052e-08 -4.67137274e-08 -2.17430428e-05)	(5.09298436e-08 -4.21123864e-08 2.74061408e-06)	(-4.66423833e-09 -4.60134099e-09 -2.44836568e-05)
184             	(4.78485157e-08 -4.59453489e-08 -2.17491645e-05)	(5.23244145e-08 -4.13550425e-08 2.73358574e-06)	(-4.47589890e-09 -4.59030641e-09 -2.44827502e-05)
185             	(4.95302922e-08 -4.51992588e-08 -2.17557337e-05)	(5.38153869e-08 -4.06218738e-08 2.72631286e-06)	(-4.28509465e-09 -4.57738500e-09 -2.44820466e-05)
186             	(5.12142836e-08 -4.44972317e-08 -2.17626118e-05)	(5.53095517e-08 -3.99345994e-08 2.71891143e-06)	(-4.09526811e-09 -4.56263236e-09 -2.44815233e-05)
187             	(5.28301160e-08 -4.39026089e-08 -2.17696809e-05)	(5.67377233e-08 -3.93560236e-08 2.71147714e-06)	(-3.90760728e-09 -4.54658526e-09 -2.44811581e-05)
188             	(5.43825580e-08 -4.34917869e-08 -2.17768187e-05)	(5.81069049e-08 -3.89624525e-08 2.70411027e-06)	(-3.72434693e-09 -4.52933438e-09 -2.44809290e-05)
189             	(5.58432361e-08 -4.31903466e-08 -2.17838686e-05)	(5.93913573e-08 -3.86794859e-08 2.69694953e-06)	(-3.54812120e-09 -4.51086068e-09 -2.44808182e-05)
190             	(5.71570505e-08 -4.29943519e-08 -2.17907561e-05)	(6.05382179e-08 -3.85044334e-08 2.69005403e-06)	(-3.38116739e-09 -4.48991849e-09 -2.44808101e-05)
191             	(5.83091331e-08 -4.28253198e-08 -2.17973785e-05)	(6.15340374e-08 -3.83593471e-08 2.68351271e-06)	(-3.22490427e-09 -4.46597274e-09 -2.44808912e-05)
192             	(5.92959664e-08 -4.26248078e-08 -2.18036088e-05)	(6.23773885e-08 -3.81860721e-08 2.67744054e-06)	(-3.08142206e-09 -4.43873562e-09 -2.44810493e-05)
193             	(6.02092543e-08 -4.22584511e-08 -2.18092227e-05)	(6.31617060e-08 -3.78506091e-08 2.67205197e-06)	(-2.95245169e-09 -4.40784201e-09 -2.44812747e-05)
194             	(6.09527965e-08 -4.18192691e-08 -2.18141440e-05)	(6.37937576e-08 -3.74447422e-08 2.66741576e-06)	(-2.84096112e-09 -4.37452691e-09 -2.44815598e-05)
195             	(6.14558332e-08 -4.14726874e-08 -2.18182923e-05)	(6.42045421e-08 -3.71327161e-08 2.66360621e-06)	(-2.74870890e-09 -4.33997130e-09 -2.44818985e-05)
196             	(6.17342264e-08 -4.11709025e-08 -2.18216094e-05)	(6.44099000e-08 -3.68682665e-08 2.66067774e-06)	(-2.67567356e-09 -4.30263600e-09 -2.44822872e-05)
197             	(6.17940047e-08 -4.08719574e-08 -2.18241099e-05)	(6.44169910e-08 -3.66094923e-08 2.65861610e-06)	(-2.62298626e-09 -4.26246502e-09 -2.44827260e-05)
198             	(6.16709596e-08 -4.05551985e-08 -2.18257541e-05)	(6.42612873e-08 -3.63345931e-08 2.65746210e-06)	(-2.59032774e-09 -4.22060541e-09 -2.44832162e-05)
199             	(6.14559554e-08 -4.01894764e-08 -2.18265039e-05)	(6.40333000e-08 -3.60132293e-08 2.65725730e-06)	(-2.57734458e-09 -4.17624706e-09 -2.44837612e-05)
200             	(6.11057237e-08 -3.98409990e-08 -2.18263749e-05)	(6.36909346e-08 -3.57112731e-08 2.65799134e-06)	(-2.58521090e-09 -4.12972595e-09 -2.44843663e-05)
201             	(6.05131594e-08 -3.95567601e-08 -2.18253472e-05)	(6.31254763e-08 -3.54747767e-08 2.65969150e-06)	(-2.61231694e-09 -4.08198341e-09 -2.44850387e-05)
202             	(5.97080729e-08 -3.93689622e-08 -2.18234912e-05)	(6.23653378e-08 -3.53345105e-08 2.66229687e-06)	(-2.65726490e-09 -4.03445170e-09 -2.44857881e-05)
203             	(5.87037823e-08 -3.92519859e-08 -2.18208517e-05)	(6.14236528e-08 -3.52640735e-08 2.66577346e-06)	(-2.71987054e-09 -3.98791237e-09 -2.44866251e-05)
204             	(5.75580607e-08 -3.91783524e-08 -2.18175345e-05)	(6.03569538e-08 -3.52354821e-08 2.67002688e-06)	(-2.79889308e-09 -3.94287032e-09 -2.44875613e-05)
205             	(5.62701868e-08 -3.90758573e-08 -2.18135827e-05)	(5.91636290e-08 -3.51768774e-08 2.67502350e-06)	(-2.89344214e-09 -3.89897988e-09 -2.44886062e-05)
206             	(5.48069935e-08 -3.89868246e-08 -2.18090949e-05)	(5.78088775e-08 -3.51280007e-08 2.68067299e-06)	(-3.00188406e-09 -3.85882385e-09 -2.44897678e-05)
207             	(5.31582523e-08 -3.89411004e-08 -2.18042431e-05)	(5.62818558e-08 -3.51168794e-08 2.68681125e-06)	(-3.12360351e-09 -3.82422100e-09 -2.44910544e-05)
208             	(5.13495515e-08 -3.89279984e-08 -2.17991401e-05)	(5.46064683e-08 -3.51318307e-08 2.69333232e-06)	(-3.25691674e-09 -3.79616774e-09 -2.44924725e-05)
209             	(4.94706970e-08 -3.89681668e-08 -2.17938972e-05)	(5.28712074e-08 -3.51918584e-08 2.70013126e-06)	(-3.40051040e-09 -3.77630838e-09 -2.44940285e-05)
210             	(4.75447987e-08 -3.90551231e-08 -2.17885945e-05)	(5.10983989e-08 -3.52908150e-08 2.70713525e-06)	(-3.55360017e-09 -3.76430803e-09 -2.44957297e-05)
211             	(4.55802877e-08 -3.91243290e-08 -2.17833077e-05)	(4.92957110e-08 -3.53645603e-08 2.71427401e-06)	(-3.71542332e-09 -3.75976870e-09 -2.44975817e-05)
212             	(4.36093363e-08 -3.91657645e-08 -2.17781239e-05)	(4.74939753e-08 -3.54026065e-08 2.72146396e-06)	(-3.88463908e-09 -3.76315798e-09 -2.44995879e-05)
213             	(4.16458257e-08 -3.92335963e-08 -2.17731386e-05)	(4.57057093e-08 -3.54580008e-08 2.72861138e-06)	(-4.05988365e-09 -3.77559557e-09 -2.45017500e-05)
214             	(3.96579929e-08 -3.93437213e-08 -2.17684514e-05)	(4.38984855e-08 -3.55463640e-08 2.73561511e-06)	(-4.24049262e-09 -3.79735736e-09 -2.45040665e-05)
215             	(3.76217899e-08 -3.94764596e-08 -2.17641088e-05)	(4.20470208e-08 -3.56480431e-08 2.74242746e-06)	(-4.42523089e-09 -3.82841651e-09 -2.45065362e-05)
216             	(3.55822799e-08 -3.96093830e-08 -2.17601156e-05)	(4.01955600e-08 -3.57412660e-08 2.74903923e-06)	(-4.61328012e-09 -3.86811694e-09 -2.45091548e-05)
217             	(3.36079715e-08 -3.97750285e-08 -2.17564721e-05)	(3.84126092e-08 -3.58590457e-08 2.75544348e-06)	(-4.80463776e-09 -3.91598278e-09 -2.45119156e-05)
218             	(3.17379810e-08 -3.99571514e-08 -2.17531837e-05)	(3.67362540e-08 -3.59867465e-08 2.76162757e-06)	(-4.99827297e-09 -3.97040491e-09 -2.45148113e-05)
219             	(2.99674355e-08 -4.01464401e-08 -2.17502289e-05)	(3.51605023e-08 -3.61151945e-08 2.76760208e-06)	(-5.19306681e-09 -4.03124567e-09 -2.45178309e-05)
220             	(2.83024959e-08 -4.03238116e-08 -2.17476170e-05)	(3.36893988e-08 -3.62258753e-08 2.77334452e-06)	(-5.38690283e-09 -4.09793631e-09 -2.45209615e-05)
221             	(2.67364886e-08 -4.04939825e-08 -2.17453589e-05)	(3.23149421e-08 -3.63241416e-08 2.77883030e-06)	(-5.57845354e-09 -4.16984093e-09 -2.45241892e-05)
222             	(2.52325159e-08 -4.06832345e-08 -2.17434406e-05)	(3.09989262e-08 -3.64373012e-08 2.78405809e-06)	(-5.76641037e-09 -4.24593330e-09 -2.45274987e-05)
223             	(2.37726445e-08 -4.09139395e-08 -2.17418373e-05)	(2.97219763e-08 -3.65883619e-08 2.78903571e-06)	(-5.94933185e-09 -4.32557760e-09 -2.45308730e-05)
224             	(2.23574042e-08 -4.11833927e-08 -2.17405373e-05)	(2.84830863e-08 -3.67746900e-08 2.79375618e-06)	(-6.12568214e-09 -4.40870268e-09 -2.45342935e-05)
225             	(2.09935257e-08 -4.14979134e-08 -2.17395357e-05)	(2.72867710e-08 -3.70038055e-08 2.79820544e-06)	(-6.29324530e-09 -4.49410788e-09 -2.45377412e-05)
226             	(1.97143676e-08 -4.18335465e-08 -2.17388251e-05)	(2.61659204e-08 -3.72516815e-08 2.80237102e-06)	(-6.45155279e-09 -4.58186498e-09 -2.45411961e-05)
227             	(1.85267837e-08 -4.21893234e-08 -2.17383748e-05)	(2.51285502e-08 -3.75190126e-08 2.80626287e-06)	(-6.60176644e-09 -4.67031079e-09 -2.45446377e-05)
228             	(1.74442273e-08 -4.25899346e-08 -2.17381552e-05)	(2.41876081e-08 -3.78327470e-08 2.80988998e-06)	(-6.74338082e-09 -4.75718758e-09 -2.45480452e-05)
229             	(1.64486913e-08 -4.30245101e-08 -2.17381543e-05)	(2.33253749e-08 -3.81826750e-08 2.81324534e-06)	(-6.87668362e-09 -4.84183511e-09 -2.45513997e-05)
230             	(1.55060549e-08 -4.34953030e-08 -2.17383769e-05)	(2.25067782e-08 -3.85719622e-08 2.81630827e-06)	(-7.00072330e-09 -4.92334081e-09 -2.45546851e-05)
231             	(1.45925508e-08 -4.40067421e-08 -2.17388032e-05)	(2.17062189e-08 -3.90066944e-08 2.81908041e-06)	(-7.11366809e-09 -5.00004772e-09 -2.45578836e-05)
232             	(1.37137371e-08 -4.45511755e-08 -2.17394226e-05)	(2.09291430e-08 -3.94790936e-08 2.82155606e-06)	(-7.21540585e-09 -5.07208191e-09 -2.45609786e-05)
233             	(1.28776473e-08 -4.51108703e-08 -2.17402297e-05)	(2.01825145e-08 -3.99695878e-08 2.82372395e-06)	(-7.30486716e-09 -5.14128252e-09 -2.45639536e-05)
234             	(1.20885961e-08 -4.56814817e-08 -2.17412082e-05)	(1.94714627e-08 -4.04736034e-08 2.82558488e-06)	(-7.38286660e-09 -5.20787833e-09 -2.45667931e-05)
235             	(1.13618494e-08 -4.62883840e-08 -2.17423497e-05)	(1.88118029e-08 -4.10185310e-08 2.82713357e-06)	(-7.44995352e-09 -5.26985295e-09 -2.45694832e-05)
236             	(1.07279488e-08 -4.69517065e-08 -2.17436205e-05)	(1.82337820e-08 -4.16262166e-08 2.82839060e-06)	(-7.50583320e-09 -5.32548987e-09 -2.45720111e-05)
237             	(1.01774828e-08 -4.76952252e-08 -2.17450001e-05)	(1.77280695e-08 -4.23204715e-08 2.82936583e-06)	(-7.55058665e-09 -5.37475369e-09 -2.45743659e-05)
238             	(9.67624608e-09 -4.84991284e-08 -2.17464701e-05)	(1.72613266e-08 -4.30830741e-08 2.83006908e-06)	(-7.58508056e-09 -5.41605433e-09 -2.45765391e-05)
239             	(9.24775087e-09 -4.93152505e-08 -2.17480212e-05)	(1.68571639e-08 -4.38649341e-08 2.83050214e-06)	(-7.60941307e-09 -5.45031643e-09 -2.45785233e-05)
240             	(8.89765365e-09 -5.01266324e-08 -2.17496659e-05)	(1.65219868e-08 -4.46459368e-08 2.83064641e-06)	(-7.62433317e-09 -5.48069555e-09 -2.45803123e-05)
241             	(8.62331892e-09 -5.09719357e-08 -2.17514180e-05)	(1.62541424e-08 -4.54652497e-08 2.83048334e-06)	(-7.63082350e-09 -5.50668596e-09 -2.45819013e-05)
242             	(8.41897611e-09 -5.18652222e-08 -2.17532586e-05)	(1.60490185e-08 -4.63381124e-08 2.83002798e-06)	(-7.63004236e-09 -5.52710980e-09 -2.45832865e-05)
243             	(8.28105778e-09 -5.27951171e-08 -2.17551612e-05)	(1.59042232e-08 -4.72520949e-08 2.82930450e-06)	(-7.62316544e-09 -5.54302217e-09 -2.45844657e-05)
244             	(8.21687042e-09 -5.37574164e-08 -2.17570950e-05)	(1.58280105e-08 -4.82033438e-08 2.82834307e-06)	(-7.61114012e-09 -5.55407260e-09 -2.45854381e-05)
245             	(8.22915432e-09 -5.47279736e-08 -2.17590557e-05)	(1.58237393e-08 -4.91680439e-08 2.82714784e-06)	(-7.59458498e-09 -5.55992974e-09 -2.45862035e-05)
246             	(8.31868136e-09 -5.57248379e-08 -2.17610499e-05)	(1.58930159e-08 -5.01635985e-08 2.82571376e-06)	(-7.57433458e-09 -5.56123936e-09 -2.45867637e-05)
247             	(8.50212182e-09 -5.67502333e-08 -2.17630926e-05)	(1.60506553e-08 -5.11919154e-08 2.82402851e-06)	(-7.54853348e-09 -5.55831789e-09 -2.45871211e-05)
248             	(8.79350605e-09 -5.77731031e-08 -2.17651740e-05)	(1.63107373e-08 -5.22204699e-08 2.82210631e-06)	(-7.51723128e-09 -5.55263317e-09 -2.45872803e-05)
249             	(9.19692495e-09 -5.87572185e-08 -2.17672768e-05)	(1.66788849e-08 -5.32129595e-08 2.81996889e-06)	(-7.48195994e-09 -5.54425900e-09 -2.45872457e-05)
250             	(9.70736456e-09 -5.96873743e-08 -2.17693940e-05)	(1.71515797e-08 -5.41548599e-08 2.81762723e-06)	(-7.44421515e-09 -5.53251442e-09 -2.45870212e-05)
251             	(1.03184065e-08 -6.06247311e-08 -2.17715429e-05)	(1.77230944e-08 -5.51070387e-08 2.81506936e-06)	(-7.40468794e-09 -5.51769243e-09 -2.45866122e-05)
252             	(1.10291638e-08 -6.15867128e-08 -2.17737350e-05)	(1.83929298e-08 -5.60854240e-08 2.81228992e-06)	(-7.36376595e-09 -5.50128880e-09 -2.45860250e-05)
253             	(1.17898624e-08 -6.25480776e-08 -2.17759573e-05)	(1.91113063e-08 -5.70638056e-08 2.80930836e-06)	(-7.32144392e-09 -5.48427204e-09 -2.45852657e-05)
254             	(1.25794680e-08 -6.34872568e-08 -2.17781977e-05)	(1.98579334e-08 -5.80217412e-08 2.80614274e-06)	(-7.27846534e-09 -5.46551564e-09 -2.45843405e-05)
255             	(1.34234636e-08 -6.44150050e-08 -2.17804303e-05)	(2.06582647e-08 -5.89694229e-08 2.80282702e-06)	(-7.23480110e-09 -5.44558204e-09 -2.45832573e-05)
256             	(1.43396515e-08 -6.53194026e-08 -2.17826777e-05)	(2.15303000e-08 -5.98942662e-08 2.79934683e-06)	(-7.19064851e-09 -5.42513642e-09 -2.45820245e-05)
257             	(1.53346415e-08 -6.62089040e-08 -2.17849694e-05)	(2.24809157e-08 -6.08048376e-08 2.79568120e-06)	(-7.14627419e-09 -5.40406632e-09 -2.45806506e-05)
258             	(1.63955905e-08 -6.70679777e-08 -2.17873060e-05)	(2.34978412e-08 -6.16855074e-08 2.79183858e-06)	(-7.10225077e-09 -5.38247035e-09 -2.45791445e-05)
259             	(1.75044570e-08 -6.79081243e-08 -2.17896596e-05)	(2.45635541e-08 -6.25479141e-08 2.78785513e-06)	(-7.05909717e-09 -5.36021020e-09 -2.45775147e-05)
260             	(1.86337989e-08 -6.87343308e-08 -2.17920075e-05)	(2.56504019e-08 -6.33971514e-08 2.78376248e-06)	(-7.01660303e-09 -5.33717941e-09 -2.45757700e-05)
261             	(1.97657155e-08 -6.95296766e-08 -2.17943476e-05)	(2.67403056e-08 -6.42166738e-08 2.77957110e-06)	(-6.97459017e-09 -5.31300280e-09 -2.45739187e-05)
262             	(2.08851588e-08 -7.02898470e-08 -2.17966880e-05)	(2.78179907e-08 -6.50022779e-08 2.77528123e-06)	(-6.93283190e-09 -5.28756916e-09 -2.45719692e-05)
263             	(2.19989397e-08 -7.10135465e-08 -2.17990334e-05)	(2.88908071e-08 -6.57531959e-08 2.77089665e-06)	(-6.89186736e-09 -5.26035058e-09 -2.45699300e-05)
264             	(2.31132137e-08 -7.16814684e-08 -2.18013884e-05)	(2.99652228e-08 -6.64502762e-08 2.76642141e-06)	(-6.85200912e-09 -5.23119220e-09 -2.45678098e-05)
265             	(2.42152378e-08 -7.22928493e-08 -2.18037560e-05)	(3.10284164e-08 -6.70929166e-08 2.76186109e-06)	(-6.81317857e-09 -5.19993262e-09 -2.45656171e-05)
266             	(2.53014706e-08 -7.28517393e-08 -2.18061404e-05)	(3.20774717e-08 -6.76854721e-08 2.75721952e-06)	(-6.77600117e-09 -5.16626718e-09 -2.45633599e-05)
267             	(2.63820048e-08 -7.33465272e-08 -2.18085353e-05)	(3.31223747e-08 -6.82163958e-08 2.75251032e-06)	(-6.74036989e-09 -5.13013138e-09 -2.45610457e-05)
268             	(2.74448463e-08 -7.37523285e-08 -2.18109313e-05)	(3.41515634e-08 -6.86609857e-08 2.74775040e-06)	(-6.70671717e-09 -5.09134281e-09 -2.45586817e-05)
269             	(2.84974253e-08 -7.40670012e-08 -2.18133324e-05)	(3.51726595e-08 -6.90172973e-08 2.74294293e-06)	(-6.67523415e-09 -5.04970391e-09 -2.45562753e-05)
270             	(2.95326598e-08 -7.43028415e-08 -2.18157377e-05)	(3.61787991e-08 -6.92981116e-08 2.73809642e-06)	(-6.64613924e-09 -5.00472987e-09 -2.45538341e-05)
271             	(3.05522904e-08 -7.44772211e-08 -2.18181499e-05)	(3.71715625e-08 -6.95208476e-08 2.73321541e-06)	(-6.61927206e-09 -4.95637350e-09 -2.45513653e-05)
272             	(3.15490765e-08 -7.45837184e-08 -2.18205691e-05)	(3.81434870e-08 -6.96789979e-08 2.72830683e-06)	(-6.59441047e-09 -4.90472048e-09 -2.45488759e-05)
273             	(3.25152846e-08 -7.46067541e-08 -2.18229843e-05)	(3.90869009e-08 -6.97565099e-08 2.72338791e-06)	(-6.57161628e-09 -4.85024424e-09 -2.45463722e-05)
274             	(3.34420017e-08 -7.45216306e-08 -2.18253842e-05)	(3.99923772e-08 -6.97284987e-08 2.71847681e-06)	(-6.55037553e-09 -4.79313194e-09 -2.45438610e-05)
275             	(3.43233585e-08 -7.43108001e-08 -2.18277702e-05)	(4.08538997e-08 -6.95772113e-08 2.71357784e-06)	(-6.53054117e-09 -4.73358887e-09 -2.45413481e-05)
276             	(3.51657335e-08 -7.39863886e-08 -2.18301413e-05)	(4.16777921e-08 -6.93145494e-08 2.70869872e-06)	(-6.51205862e-09 -4.67183916e-09 -2.45388400e-05)
277             	(3.59545120e-08 -7.35765168e-08 -2.18324895e-05)	(4.24498147e-08 -6.89683362e-08 2.70385348e-06)	(-6.49530271e-09 -4.60818061e-09 -2.45363430e-05)
278             	(3.66921351e-08 -7.30989020e-08 -2.18348157e-05)	(4.31724973e-08 -6.85559597e-08 2.69904740e-06)	(-6.48036221e-09 -4.54294233e-09 -2.45338631e-05)
279             	(3.73900312e-08 -7.25438494e-08 -2.18371078e-05)	(4.38576222e-08 -6.80675224e-08 2.69429869e-06)	(-6.46759097e-09 -4.47632695e-09 -2.45314065e-05)
280             	(3.80447657e-08 -7.19102609e-08 -2.18393534e-05)	(4.45019425e-08 -6.75015967e-08 2.68962605e-06)	(-6.45717681e-09 -4.40866418e-09 -2.45289795e-05)
281             	(3.86408500e-08 -7.11947909e-08 -2.18415420e-05)	(4.50901258e-08 -6.68545670e-08 2.68504636e-06)	(-6.44927583e-09 -4.34022380e-09 -2.45265883e-05)
282             	(3.91643812e-08 -7.03940881e-08 -2.18436692e-05)	(4.56084589e-08 -6.61225445e-08 2.68057016e-06)	(-6.44407764e-09 -4.27154362e-09 -2.45242394e-05)
283             	(3.96027485e-08 -6.95058445e-08 -2.18457150e-05)	(4.60444000e-08 -6.53027633e-08 2.67622415e-06)	(-6.44165150e-09 -4.20308118e-09 -2.45219392e-05)
284             	(3.99589895e-08 -6.85465099e-08 -2.18476535e-05)	(4.64010206e-08 -6.44109318e-08 2.67204039e-06)	(-6.44203109e-09 -4.13557806e-09 -2.45196939e-05)
285             	(4.02492578e-08 -6.75352850e-08 -2.18494664e-05)	(4.66943545e-08 -6.34655847e-08 2.66804272e-06)	(-6.44509672e-09 -4.06970032e-09 -2.45175091e-05)
286             	(4.04700899e-08 -6.64928222e-08 -2.18511423e-05)	(4.69206357e-08 -6.24868084e-08 2.66424831e-06)	(-6.45054572e-09 -4.00601386e-09 -2.45153906e-05)
287             	(4.06219039e-08 -6.54284163e-08 -2.18526628e-05)	(4.70801599e-08 -6.14832179e-08 2.66068173e-06)	(-6.45825601e-09 -3.94519844e-09 -2.45133445e-05)
288             	(4.06964731e-08 -6.43438397e-08 -2.18540111e-05)	(4.71650996e-08 -6.04554190e-08 2.65736513e-06)	(-6.46862648e-09 -3.88842075e-09 -2.45113762e-05)
289             	(4.06888954e-08 -6.32616077e-08 -2.18551715e-05)	(4.71709044e-08 -5.94257195e-08 2.65431965e-06)	(-6.48200898e-09 -3.83588821e-09 -2.45094912e-05)
290             	(4.06145700e-08 -6.22119097e-08 -2.18561204e-05)	(4.71125908e-08 -5.84241473e-08 2.65157414e-06)	(-6.49802086e-09 -3.78776239e-09 -2.45076945e-05)
291             	(4.04578174e-08 -6.11918070e-08 -2.18568369e-05)	(4.69746522e-08 -5.74468503e-08 2.64915543e-06)	(-6.51683482e-09 -3.74495670e-09 -2.45059924e-05)
292             	(4.02122076e-08 -6.01895341e-08 -2.18573150e-05)	(4.67507617e-08 -5.64817308e-08 2.64707448e-06)	(-6.53855412e-09 -3.70780330e-09 -2.45043895e-05)
293             	(3.98772486e-08 -5.91919653e-08 -2.18575517e-05)	(4.64406059e-08 -5.55149918e-08 2.64533930e-06)	(-6.56335737e-09 -3.67697358e-09 -2.45028910e-05)
294             	(3.94488428e-08 -5.82218057e-08 -2.18575529e-05)	(4.60402858e-08 -5.45688587e-08 2.64394824e-06)	(-6.59144306e-09 -3.65294705e-09 -2.45015011e-05)
295             	(3.89550096e-08 -5.73050394e-08 -2.18573071e-05)	(4.55776596e-08 -5.36689495e-08 2.64291770e-06)	(-6.62264993e-09 -3.63608989e-09 -2.45002248e-05)
296             	(3.83999322e-08 -5.64563485e-08 -2.18568049e-05)	(4.50571205e-08 -5.28296181e-08 2.64226079e-06)	(-6.65718829e-09 -3.62673042e-09 -2.44990657e-05)
297             	(3.77756870e-08 -5.56824482e-08 -2.18560437e-05)	(4.44704229e-08 -5.20573125e-08 2.64198303e-06)	(-6.69473591e-09 -3.62513572e-09 -2.44980268e-05)
298             	(3.70846597e-08 -5.49702289e-08 -2.18550258e-05)	(4.38197691e-08 -5.13388541e-08 2.64208506e-06)	(-6.73510935e-09 -3.63137484e-09 -2.44971108e-05)
299             	(3.63338143e-08 -5.43261813e-08 -2.18537604e-05)	(4.31117978e-08 -5.06807748e-08 2.64256052e-06)	(-6.77798354e-09 -3.64540658e-09 -2.44963209e-05)
300             	(3.55250935e-08 -5.37486125e-08 -2.18522558e-05)	(4.23485874e-08 -5.00814816e-08 2.64340295e-06)	(-6.82349387e-09 -3.66713092e-09 -2.44956588e-05)
301             	(3.46632511e-08 -5.32352110e-08 -2.18505193e-05)	(4.15340521e-08 -4.95388171e-08 2.64460710e-06)	(-6.87080096e-09 -3.69639393e-09 -2.44951264e-05)
302             	(3.37674584e-08 -5.27961981e-08 -2.18485670e-05)	(4.06871719e-08 -4.90628603e-08 2.64615913e-06)	(-6.91971353e-09 -3.73333781e-09 -2.44947262e-05)
303             	(3.28545283e-08 -5.24389091e-08 -2.18464257e-05)	(3.98244093e-08 -4.86609547e-08 2.64803397e-06)	(-6.96988106e-09 -3.77795444e-09 -2.44944596e-05)
304             	(3.19051625e-08 -5.21747418e-08 -2.18441213e-05)	(3.89259319e-08 -4.83450351e-08 2.65020689e-06)	(-7.02076936e-09 -3.82970671e-09 -2.44943281e-05)
305             	(3.09275045e-08 -5.20068982e-08 -2.18416770e-05)	(3.79992979e-08 -4.81185397e-08 2.65265489e-06)	(-7.07179341e-09 -3.88835841e-09 -2.44943318e-05)
306             	(2.99321212e-08 -5.19266674e-08 -2.18391125e-05)	(3.70548485e-08 -4.79737451e-08 2.65535816e-06)	(-7.12272726e-09 -3.95292228e-09 -2.44944707e-05)
307             	(2.89382059e-08 -5.19241809e-08 -2.18364387e-05)	(3.61114210e-08 -4.79014084e-08 2.65830590e-06)	(-7.17321512e-09 -4.02277251e-09 -2.44947446e-05)
308             	(2.79588011e-08 -5.19905153e-08 -2.18336741e-05)	(3.51816279e-08 -4.78936941e-08 2.66147896e-06)	(-7.22282683e-09 -4.09682125e-09 -2.44951530e-05)
309             	(2.69985191e-08 -5.21223485e-08 -2.18308467e-05)	(3.42696729e-08 -4.79482430e-08 2.66484830e-06)	(-7.27115387e-09 -4.17410552e-09 -2.44956950e-05)
310             	(2.60593660e-08 -5.23080107e-08 -2.18279869e-05)	(3.33770132e-08 -4.80542831e-08 2.66838206e-06)	(-7.31764720e-09 -4.25372760e-09 -2.44963690e-05)
311             	(2.51272271e-08 -5.25508170e-08 -2.18251199e-05)	(3.24890390e-08 -4.82161212e-08 2.67205258e-06)	(-7.36181192e-09 -4.33469575e-09 -2.44971725e-05)
312             	(2.42204355e-08 -5.28530002e-08 -2.18222711e-05)	(3.16239240e-08 -4.84362279e-08 2.67583171e-06)	(-7.40348845e-09 -4.41677233e-09 -2.44981028e-05)
313             	(2.33519681e-08 -5.32097062e-08 -2.18194599e-05)	(3.07943584e-08 -4.87103525e-08 2.67969687e-06)	(-7.44239038e-09 -4.49935365e-09 -2.44991568e-05)
314             	(2.25243830e-08 -5.36094165e-08 -2.18166982e-05)	(3.00026148e-08 -4.90276380e-08 2.68363217e-06)	(-7.47823180e-09 -4.58177844e-09 -2.45003304e-05)
315             	(2.17496847e-08 -5.40380302e-08 -2.18139908e-05)	(2.92607872e-08 -4.93744820e-08 2.68762834e-06)	(-7.51110252e-09 -4.66354816e-09 -2.45016191e-05)
316             	(2.10295802e-08 -5.45024951e-08 -2.18113612e-05)	(2.85702664e-08 -4.97588885e-08 2.69165687e-06)	(-7.54068623e-09 -4.74360668e-09 -2.45030180e-05)
317             	(2.03697184e-08 -5.49895837e-08 -2.18088322e-05)	(2.79364095e-08 -5.01682328e-08 2.69568953e-06)	(-7.56669110e-09 -4.82135094e-09 -2.45045217e-05)
318             	(1.97690860e-08 -5.54881779e-08 -2.18064157e-05)	(2.73583349e-08 -5.05914237e-08 2.69970844e-06)	(-7.58924893e-09 -4.89675419e-09 -2.45061241e-05)
319             	(1.92183624e-08 -5.59957676e-08 -2.18041176e-05)	(2.68269011e-08 -5.10265356e-08 2.70370137e-06)	(-7.60853876e-09 -4.96923202e-09 -2.45078190e-05)
320             	(1.87129718e-08 -5.65044782e-08 -2.18019372e-05)	(2.63374805e-08 -5.14660874e-08 2.70766174e-06)	(-7.62450876e-09 -5.03839078e-09 -2.45095989e-05)
321             	(1.82572439e-08 -5.70174443e-08 -2.17998863e-05)	(2.58943219e-08 -5.19137355e-08 2.71156968e-06)	(-7.63707794e-09 -5.10370880e-09 -2.45114560e-05)
322             	(1.78686461e-08 -5.75461881e-08 -2.17979694e-05)	(2.55150770e-08 -5.23811564e-08 2.71541255e-06)	(-7.64643081e-09 -5.16503164e-09 -2.45133819e-05)
323             	(1.75581950e-08 -5.80904971e-08 -2.17961851e-05)	(2.52103003e-08 -5.28687800e-08 2.71918294e-06)	(-7.65210537e-09 -5.22171705e-09 -2.45153680e-05)
324             	(1.73218506e-08 -5.86319415e-08 -2.17945304e-05)	(2.49761571e-08 -5.33583076e-08 2.72287515e-06)	(-7.65430643e-09 -5.27363395e-09 -2.45174056e-05)
325             	(1.71572096e-08 -5.91578007e-08 -2.17929993e-05)	(2.48105997e-08 -5.38373824e-08 2.72648632e-06)	(-7.65339019e-09 -5.32041827e-09 -2.45194856e-05)
326             	(1.70525352e-08 -5.96681381e-08 -2.17915867e-05)	(2.47015073e-08 -5.43065952e-08 2.73001271e-06)	(-7.64897206e-09 -5.36154294e-09 -2.45215994e-05)
327             	(1.70011006e-08 -6.01680784e-08 -2.17902878e-05)	(2.46424002e-08 -5.47712533e-08 2.73344977e-06)	(-7.64129963e-09 -5.39682504e-09 -2.45237376e-05)
328             	(1.70017349e-08 -6.06547732e-08 -2.17891042e-05)	(2.46323102e-08 -5.52283412e-08 2.73678657e-06)	(-7.63057536e-09 -5.42643204e-09 -2.45258908e-05)
329             	(1.70606079e-08 -6.11194391e-08 -2.17880383e-05)	(2.46775864e-08 -5.56690144e-08 2.74001081e-06)	(-7.61697850e-09 -5.45042467e-09 -2.45280491e-05)
330             	(1.71787637e-08 -6.15578633e-08 -2.17870898e-05)	(2.47794814e-08 -5.60887905e-08 2.74311329e-06)	(-7.60071770e-09 -5.46907280e-09 -2.45302031e-05)
331             	(1.73492448e-08 -6.19683598e-08 -2.17862557e-05)	(2.49311503e-08 -5.64858390e-08 2.74608728e-06)	(-7.58190550e-09 -5.48252082e-09 -2.45323430e-05)
332             	(1.75614402e-08 -6.23573296e-08 -2.17855321e-05)	(2.51227432e-08 -5.68666126e-08 2.74892727e-06)	(-7.56130293e-09 -5.49071699e-09 -2.45344594e-05)
333             	(1.78109023e-08 -6.27322650e-08 -2.17849128e-05)	(2.53497465e-08 -5.72379554e-08 2.75163008e-06)	(-7.53884420e-09 -5.49430960e-09 -2.45365428e-05)
334             	(1.81027731e-08 -6.30870772e-08 -2.17843988e-05)	(2.56173209e-08 -5.75937154e-08 2.75418526e-06)	(-7.51454784e-09 -5.49336176e-09 -2.45385840e-05)
335             	(1.84341073e-08 -6.34210493e-08 -2.17839859e-05)	(2.59228979e-08 -5.79330498e-08 2.75658837e-06)	(-7.48879062e-09 -5.48799952e-09 -2.45405743e-05)
336             	(1.88051396e-08 -6.37299592e-08 -2.17836758e-05)	(2.62671349e-08 -5.82515178e-08 2.75883026e-06)	(-7.46199530e-09 -5.47844148e-09 -2.45425061e-05)
337             	(1.92129413e-08 -6.40156756e-08 -2.17834677e-05)	(2.66476611e-08 -5.85503517e-08 2.76090397e-06)	(-7.43471987e-09 -5.46532394e-09 -2.45443717e-05)
338             	(1.96516992e-08 -6.42739842e-08 -2.17833640e-05)	(2.70588260e-08 -5.88251035e-08 2.76279995e-06)	(-7.40712679e-09 -5.44888071e-09 -2.45461639e-05)
339             	(2.01177221e-08 -6.44983796e-08 -2.17833630e-05)	(2.74973199e-08 -5.90689595e-08 2.76451334e-06)	(-7.37959779e-09 -5.42942009e-09 -2.45478763e-05)
340             	(2.06026960e-08 -6.46921389e-08 -2.17834575e-05)	(2.79554365e-08 -5.92846693e-08 2.76604538e-06)	(-7.35274059e-09 -5.40746968e-09 -2.45495028e-05)
341             	(2.10963571e-08 -6.48673551e-08 -2.17836550e-05)	(2.84234380e-08 -5.94841113e-08 2.76738333e-06)	(-7.32708092e-09 -5.38324382e-09 -2.45510383e-05)
342             	(2.16037450e-08 -6.50193949e-08 -2.17839571e-05)	(2.89066016e-08 -5.96624935e-08 2.76852108e-06)	(-7.30285654e-09 -5.35690136e-09 -2.45524781e-05)
343             	(2.21224457e-08 -6.51416855e-08 -2.17843726e-05)	(2.94025669e-08 -5.98133981e-08 2.76944533e-06)	(-7.28012114e-09 -5.32828732e-09 -2.45538180e-05)
344             	(2.26444969e-08 -6.52229640e-08 -2.17849038e-05)	(2.99035009e-08 -5.99255548e-08 2.77015048e-06)	(-7.25900400e-09 -5.29740912e-09 -2.45550543e-05)
345             	(2.31597419e-08 -6.52615682e-08 -2.17855468e-05)	(3.03993329e-08 -5.99969264e-08 2.77063744e-06)	(-7.23959101e-09 -5.26464183e-09 -2.45561842e-05)
346             	(2.36633044e-08 -6.52605248e-08 -2.17862940e-05)	(3.08852331e-08 -6.00301913e-08 2.77091176e-06)	(-7.22192868e-09 -5.23033358e-09 -2.45572057e-05)
347             	(2.41543189e-08 -6.52313620e-08 -2.17871435e-05)	(3.13603822e-08 -6.00366717e-08 2.77097369e-06)	(-7.20606331e-09 -5.19469028e-09 -2.45581172e-05)
348             	(2.46283030e-08 -6.51735142e-08 -2.17880954e-05)	(3.18206297e-08 -6.00153906e-08 2.77082204e-06)	(-7.19232670e-09 -5.15812357e-09 -2.45589175e-05)
349             	(2.50920324e-08 -6.50806430e-08 -2.17891493e-05)	(3.22728721e-08 -5.99594684e-08 2.77045687e-06)	(-7.18083968e-09 -5.12117457e-09 -2.45596061e-05)
350             	(2.55490494e-08 -6.49463024e-08 -2.17903048e-05)	(3.27209760e-08 -5.98623201e-08 2.76987831e-06)	(-7.17192666e-09 -5.08398230e-09 -2.45601831e-05)
351             	(2.59885300e-08 -6.47743924e-08 -2.17915635e-05)	(3.31542532e-08 -5.97277863e-08 2.76908554e-06)	(-7.16572324e-09 -5.04660604e-09 -2.45606490e-05)
352             	(2.64038192e-08 -6.45716272e-08 -2.17929182e-05)	(3.35661473e-08 -5.95625618e-08 2.76808692e-06)	(-7.16232810e-09 -5.00906539e-09 -2.45610052e-05)
353             	(2.67907170e-08 -6.43491651e-08 -2.17943609e-05)	(3.39524353e-08 -5.93774546e-08 2.76689208e-06)	(-7.16171838e-09 -4.97171045e-09 -2.45612530e-05)
354             	(2.71404463e-08 -6.41112873e-08 -2.17958854e-05)	(3.43042606e-08 -5.91765997e-08 2.76550916e-06)	(-7.16381426e-09 -4.93468761e-09 -2.45613946e-05)
355             	(2.74478109e-08 -6.38597588e-08 -2.17974834e-05)	(3.46164884e-08 -5.89616124e-08 2.76394888e-06)	(-7.16867748e-09 -4.89814639e-09 -2.45614323e-05)
356             	(2.77068577e-08 -6.35816825e-08 -2.17991507e-05)	(3.48832099e-08 -5.87193985e-08 2.76221825e-06)	(-7.17635224e-09 -4.86228404e-09 -2.45613689e-05)
357             	(2.79221341e-08 -6.32669761e-08 -2.18008824e-05)	(3.51090056e-08 -5.84395892e-08 2.76032505e-06)	(-7.18687152e-09 -4.82738689e-09 -2.45612074e-05)
358             	(2.81018718e-08 -6.29234876e-08 -2.18026670e-05)	(3.53021876e-08 -5.81299810e-08 2.75828437e-06)	(-7.20031582e-09 -4.79350663e-09 -2.45609514e-05)
359             	(2.82466897e-08 -6.25647846e-08 -2.18044941e-05)	(3.54631962e-08 -5.78039855e-08 2.75611025e-06)	(-7.21650648e-09 -4.76079910e-09 -2.45606044e-05)
360             	(2.83581689e-08 -6.22000962e-08 -2.18063529e-05)	(3.55934732e-08 -5.74707137e-08 2.75381736e-06)	(-7.23530430e-09 -4.72938246e-09 -2.45601703e-05)
361             	(2.84305315e-08 -6.18374278e-08 -2.18082316e-05)	(3.56871599e-08 -5.71379539e-08 2.75142147e-06)	(-7.25662846e-09 -4.69947384e-09 -2.45596531e-05)
362             	(2.84613338e-08 -6.14824244e-08 -2.18101144e-05)	(3.57415300e-08 -5.68113506e-08 2.74894268e-06)	(-7.28019616e-09 -4.67107372e-09 -2.45590570e-05)
363             	(2.84481720e-08 -6.11354913e-08 -2.18119881e-05)	(3.57540172e-08 -5.64911727e-08 2.74639839e-06)	(-7.30584523e-09 -4.64431865e-09 -2.45583865e-05)
364             	(2.83973280e-08 -6.07851488e-08 -2.18138492e-05)	(3.57307517e-08 -5.61659001e-08 2.74379690e-06)	(-7.33342369e-09 -4.61924872e-09 -2.45576461e-05)
365             	(2.83116879e-08 -6.04263056e-08 -2.18156934e-05)	(3.56743095e-08 -5.58304058e-08 2.74114682e-06)	(-7.36262158e-09 -4.59589985e-09 -2.45568402e-05)
366             	(2.81915053e-08 -6.00617277e-08 -2.18175084e-05)	(3.55847307e-08 -5.54874462e-08 2.73846527e-06)	(-7.39322538e-09 -4.57428153e-09 -2.45559737e-05)
367             	(2.80436109e-08 -5.97052511e-08 -2.18192817e-05)	(3.54686904e-08 -5.51509096e-08 2.73576965e-06)	(-7.42507945e-09 -4.55434150e-09 -2.45550513e-05)
368             	(2.78745453e-08 -5.93684032e-08 -2.18210003e-05)	(3.53323239e-08 -5.48321632e-08 2.73307756e-06)	(-7.45777863e-09 -4.53624001e-09 -2.45540779e-05)
369             	(2.76817601e-08 -5.90500701e-08 -2.18226536e-05)	(3.51728522e-08 -5.45298945e-08 2.73040476e-06)	(-7.49109211e-09 -4.52017559e-09 -2.45530583e-05)
370             	(2.74664183e-08 -5.87544400e-08 -2.18242330e-05)	(3.49911971e-08 -5.42482695e-08 2.72776452e-06)	(-7.52477876e-09 -4.50617049e-09 -2.45519975e-05)
371             	(2.72278849e-08 -5.84763915e-08 -2.18257341e-05)	(3.47863591e-08 -5.39820840e-08 2.72516633e-06)	(-7.55847421e-09 -4.49430748e-09 -2.45509004e-05)
372             	(2.69668213e-08 -5.82158268e-08 -2.18271547e-05)	(3.45588593e-08 -5.37312165e-08 2.72261739e-06)	(-7.59203797e-09 -4.48461029e-09 -2.45497721e-05)
373             	(2.66838229e-08 -5.79693354e-08 -2.18284931e-05)	(3.43090250e-08 -5.34923496e-08 2.72012451e-06)	(-7.62520206e-09 -4.47698587e-09 -2.45486176e-05)
374             	(2.63856279e-08 -5.77470300e-08 -2.18297442e-05)	(3.40433020e-08 -5.32756099e-08 2.71769751e-06)	(-7.65767411e-09 -4.47142006e-09 -2.45474417e-05)
375             	(2.60786166e-08 -5.75450450e-08 -2.18309021e-05)	(3.37677762e-08 -5.30770960e-08 2.71534744e-06)	(-7.68915959e-09 -4.46794900e-09 -2.45462496e-05)
376             	(2.57675507e-08 -5.73687900e-08 -2.18319650e-05)	(3.34868716e-08 -5.29021946e-08 2.71308108e-06)	(-7.71932085e-09 -4.46659541e-09 -2.45450461e-05)
377             	(2.54514445e-08 -5.72102744e-08 -2.18329300e-05)	(3.31995041e-08 -5.27429074e-08 2.71090609e-06)	(-7.74805961e-09 -4.46736697e-09 -2.45438360e-05)
378             	(2.51305154e-08 -5.70774587e-08 -2.18337977e-05)	(3.29056192e-08 -5.26071495e-08 2.70882669e-06)	(-7.77510380e-09 -4.47030919e-09 -2.45426243e-05)
379             	(2.48118608e-08 -5.69670788e-08 -2.18345709e-05)	(3.26121510e-08 -5.24917635e-08 2.70684474e-06)	(-7.80029021e-09 -4.47531532e-09 -2.45414157e-05)
380             	(2.44950314e-08 -5.68774162e-08 -2.18352539e-05)	(3.23184398e-08 -5.23950864e-08 2.70496067e-06)	(-7.82340846e-09 -4.48232980e-09 -2.45402146e-05)
381             	(2.41784188e-08 -5.68075341e-08 -2.18358470e-05)	(3.20226911e-08 -5.23161964e-08 2.70317848e-06)	(-7.84427233e-09 -4.49133778e-09 -2.45390254e-05)
382             	(2.38644035e-08 -5.67627213e-08 -2.18363494e-05)	(3.17270660e-08 -5.22603980e-08 2.70150310e-06)	(-7.86266253e-09 -4.50232333e-09 -2.45378525e-05)
383             	(2.35570768e-08 -5.67443882e-08 -2.18367620e-05)	(3.14354295e-08 -5.22291540e-08 2.69993811e-06)	(-7.87835268e-09 -4.51523422e-09 -2.45367001e-05)
384             	(2.32622874e-08 -5.67518654e-08 -2.18370875e-05)	(3.11534765e-08 -5.22219719e-08 2.69848455e-06)	(-7.89118911e-09 -4.52989349e-09 -2.45355720e-05)
385             	(2.29820327e-08 -5.67825422e-08 -2.18373293e-05)	(3.08830856e-08 -5.22364191e-08 2.69714277e-06)	(-7.90105291e-09 -4.54612316e-09 -2.45344721e-05)
386             	(2.27139269e-08 -5.68344832e-08 -2.18374942e-05)	(3.06218296e-08 -5.22705820e-08 2.69590953e-06)	(-7.90790269e-09 -4.56390120e-09 -2.45334037e-05)
387             	(2.24583335e-08 -5.69062783e-08 -2.18375893e-05)	(3.03700640e-08 -5.23231605e-08 2.69478075e-06)	(-7.91173056e-09 -4.58311787e-09 -2.45323701e-05)
388             	(2.22204442e-08 -5.69966836e-08 -2.18376203e-05)	(3.01329394e-08 -5.23930355e-08 2.69375381e-06)	(-7.91249528e-09 -4.60364803e-09 -2.45313741e-05)
389             	(2.20056241e-08 -5.71103500e-08 -2.18375906e-05)	(2.99158564e-08 -5.24851025e-08 2.69282767e-06)	(-7.91023232e-09 -4.62524755e-09 -2.45304182e-05)
390             	(2.18147041e-08 -5.72411481e-08 -2.18375023e-05)	(2.97197500e-08 -5.25934227e-08 2.69200273e-06)	(-7.90504593e-09 -4.64772542e-09 -2.45295050e-05)
391             	(2.16439872e-08 -5.73906856e-08 -2.18373607e-05)	(2.95410304e-08 -5.27198723e-08 2.69127569e-06)	(-7.89704316e-09 -4.67081323e-09 -2.45286364e-05)
392             	(2.14932201e-08 -5.75548993e-08 -2.18371685e-05)	(2.93794261e-08 -5.28605386e-08 2.69064588e-06)	(-7.88620605e-09 -4.69436068e-09 -2.45278144e-05)
393             	(2.13609585e-08 -5.77298705e-08 -2.18369298e-05)	(2.92335108e-08 -5.30116415e-08 2.69011070e-06)	(-7.87255224e-09 -4.71822901e-09 -2.45270405e-05)
394             	(2.12494780e-08 -5.79147700e-08 -2.18366497e-05)	(2.91057335e-08 -5.31725474e-08 2.68966615e-06)	(-7.85625544e-09 -4.74222258e-09 -2.45263159e-05)
395             	(2.11674019e-08 -5.81123386e-08 -2.18363300e-05)	(2.90049649e-08 -5.33462784e-08 2.68931168e-06)	(-7.83756293e-09 -4.76606028e-09 -2.45256417e-05)
396             	(2.11146148e-08 -5.83188390e-08 -2.18359748e-05)	(2.89311969e-08 -5.35292563e-08 2.68904410e-06)	(-7.81658216e-09 -4.78958272e-09 -2.45250189e-05)
397             	(2.10896804e-08 -5.85303087e-08 -2.18355878e-05)	(2.88832317e-08 -5.37178320e-08 2.68885989e-06)	(-7.79355126e-09 -4.81247670e-09 -2.45244477e-05)
398             	(2.10840369e-08 -5.87467548e-08 -2.18351742e-05)	(2.88527603e-08 -5.39122669e-08 2.68875429e-06)	(-7.76872344e-09 -4.83448794e-09 -2.45239285e-05)
399             	(2.10981574e-08 -5.89680125e-08 -2.18347377e-05)	(2.88405008e-08 -5.41125982e-08 2.68872387e-06)	(-7.74234348e-09 -4.85541428e-09 -2.45234616e-05)
400             	(2.11260148e-08 -5.91907959e-08 -2.18342755e-05)	(2.88407312e-08 -5.43157476e-08 2.68877140e-06)	(-7.71471635e-09 -4.87504835e-09 -2.45230469e-05)
401             	(2.11700407e-08 -5.94126719e-08 -2.18337894e-05)	(2.88561783e-08 -5.45193701e-08 2.68889447e-06)	(-7.68613763e-09 -4.89330185e-09 -2.45226839e-05)
402             	(2.12327052e-08 -5.96334011e-08 -2.18332815e-05)	(2.88895307e-08 -5.47233512e-08 2.68909062e-06)	(-7.65682550e-09 -4.91004987e-09 -2.45223721e-05)
403             	(2.13176245e-08 -5.98521997e-08 -2.18327539e-05)	(2.89445555e-08 -5.49271541e-08 2.68935705e-06)	(-7.62693097e-09 -4.92504564e-09 -2.45221109e-05)
404             	(2.14236512e-08 -6.00620357e-08 -2.18322084e-05)	(2.90204019e-08 -5.51237673e-08 2.68969120e-06)	(-7.59675067e-09 -4.93826838e-09 -2.45218996e-05)
405             	(2.15465928e-08 -6.02590321e-08 -2.18316475e-05)	(2.91131101e-08 -5.53095202e-08 2.69008970e-06)	(-7.56651728e-09 -4.94951187e-09 -2.45217372e-05)
406             	(2.16852525e-08 -6.04446402e-08 -2.18310709e-05)	(2.92217229e-08 -5.54859411e-08 2.69055193e-06)	(-7.53647046e-09 -4.95869901e-09 -2.45216228e-05)
407             	(2.18333758e-08 -6.06186579e-08 -2.18304783e-05)	(2.93402286e-08 -5.56528065e-08 2.69107706e-06)	(-7.50685271e-09 -4.96585139e-09 -2.45215553e-05)
408             	(2.19895935e-08 -6.07819838e-08 -2.18298693e-05)	(2.94674515e-08 -5.58110643e-08 2.69166425e-06)	(-7.47785799e-09 -4.97091952e-09 -2.45215336e-05)
409             	(2.21566462e-08 -6.09387517e-08 -2.18292433e-05)	(2.96063270e-08 -5.59649653e-08 2.69231320e-06)	(-7.44968081e-09 -4.97378642e-09 -2.45215565e-05)
410             	(2.23386091e-08 -6.10833314e-08 -2.18286004e-05)	(2.97610366e-08 -5.61088491e-08 2.69302224e-06)	(-7.42242753e-09 -4.97448226e-09 -2.45216226e-05)
411             	(2.25346418e-08 -6.12071471e-08 -2.18279402e-05)	(2.99309035e-08 -5.62341378e-08 2.69379058e-06)	(-7.39626169e-09 -4.97300928e-09 -2.45217308e-05)
412             	(2.27396877e-08 -6.13086071e-08 -2.18272681e-05)	(3.01109991e-08 -5.63391838e-08 2.69461133e-06)	(-7.37131140e-09 -4.96942335e-09 -2.45218794e-05)
413             	(2.29606667e-08 -6.13936073e-08 -2.18265843e-05)	(3.03084215e-08 -5.64298163e-08 2.69548288e-06)	(-7.34775479e-09 -4.96379094e-09 -2.45220671e-05)
414             	(2.31801422e-08 -6.14557112e-08 -2.18258934e-05)	(3.05059739e-08 -5.64994721e-08 2.69639901e-06)	(-7.32583170e-09 -4.95623914e-09 -2.45222924e-05)
415             	(2.33924526e-08 -6.14977149e-08 -2.18251925e-05)	(3.06981494e-08 -5.65508591e-08 2.69736112e-06)	(-7.30569673e-09 -4.94685572e-09 -2.45225536e-05)
416             	(2.35965672e-08 -6.15246934e-08 -2.18244786e-05)	(3.08839960e-08 -5.65889162e-08 2.69837065e-06)	(-7.28742885e-09 -4.93577716e-09 -2.45228492e-05)
417             	(2.38077207e-08 -6.15352715e-08 -2.18237493e-05)	(3.10787478e-08 -5.66120957e-08 2.69942824e-06)	(-7.27102715e-09 -4.92317578e-09 -2.45231775e-05)
418             	(2.40217945e-08 -6.15254249e-08 -2.18230070e-05)	(3.12783691e-08 -5.66162274e-08 2.70052981e-06)	(-7.25657456e-09 -4.90919753e-09 -2.45235368e-05)
419             	(2.42411759e-08 -6.14959608e-08 -2.18222556e-05)	(3.14852985e-08 -5.66020390e-08 2.70166994e-06)	(-7.24412259e-09 -4.89392187e-09 -2.45239255e-05)
420             	(2.44554964e-08 -6.14477197e-08 -2.18215008e-05)	(3.16892103e-08 -5.65702670e-08 2.70284089e-06)	(-7.23371389e-09 -4.87745267e-09 -2.45243417e-05)
421             	(2.46651202e-08 -6.13828695e-08 -2.18207439e-05)	(3.18905598e-08 -5.65229458e-08 2.70403968e-06)	(-7.22543960e-09 -4.85992370e-09 -2.45247836e-05)
422             	(2.48672629e-08 -6.13010787e-08 -2.18199868e-05)	(3.20866189e-08 -5.64595980e-08 2.70526260e-06)	(-7.21935607e-09 -4.84148075e-09 -2.45252494e-05)
423             	(2.50593653e-08 -6.12018535e-08 -2.18192308e-05)	(3.22748804e-08 -5.63795390e-08 2.70650631e-06)	(-7.21551506e-09 -4.82231448e-09 -2.45257371e-05)
424             	(2.52364345e-08 -6.10861328e-08 -2.18184757e-05)	(3.24503917e-08 -5.62835432e-08 2.70776921e-06)	(-7.21395717e-09 -4.80258963e-09 -2.45262449e-05)
425             	(2.54019869e-08 -6.09560730e-08 -2.18177243e-05)	(3.26166179e-08 -5.61736102e-08 2.70904652e-06)	(-7.21463095e-09 -4.78246282e-09 -2.45267708e-05)
426             	(2.55566480e-08 -6.08127314e-08 -2.18169824e-05)	(3.27741590e-08 -5.60506231e-08 2.71033053e-06)	(-7.21751102e-09 -4.76210826e-09 -2.45273130e-05)
427             	(2.56983923e-08 -6.06577847e-08 -2.18162523e-05)	(3.29209497e-08 -5.59160878e-08 2.71161689e-06)	(-7.22255747e-09 -4.74169687e-09 -2.45278692e-05)
428             	(2.58247381e-08 -6.04871635e-08 -2.18155348e-05)	(3.30544730e-08 -5.57657672e-08 2.71290288e-06)	(-7.22973495e-09 -4.72139634e-09 -2.45284376e-05)
429             	(2.59380197e-08 -6.03017883e-08 -2.18148299e-05)	(3.31770324e-08 -5.56004274e-08 2.71418626e-06)	(-7.23901264e-09 -4.70136086e-09 -2.45290162e-05)
430             	(2.60362158e-08 -6.01024054e-08 -2.18141430e-05)	(3.32864809e-08 -5.54206271e-08 2.71545979e-06)	(-7.25026508e-09 -4.68177830e-09 -2.45296028e-05)
431             	(2.61198943e-08 -5.98972779e-08 -2.18134771e-05)	(3.33832753e-08 -5.52344695e-08 2.71671839e-06)	(-7.26338102e-09 -4.66280838e-09 -2.45301955e-05)
432             	(2.61872395e-08 -5.96920594e-08 -2.18128358e-05)	(3.34655554e-08 -5.50474028e-08 2.71795633e-06)	(-7.27831587e-09 -4.64465658e-09 -2.45307921e-05)
433             	(2.62365727e-08 -5.94862433e-08 -2.18122218e-05)	(3.35315689e-08 -5.48587595e-08 2.71916890e-06)	(-7.29499620e-09 -4.62748383e-09 -2.45313907e-05)
434             	(2.62681900e-08 -5.92807471e-08 -2.18116357e-05)	(3.35814901e-08 -5.46693036e-08 2.72035345e-06)	(-7.31330008e-09 -4.61144351e-09 -2.45319892e-05)
435             	(2.62765357e-08 -5.90726229e-08 -2.18110799e-05)	(3.36096189e-08 -5.44759816e-08 2.72150567e-06)	(-7.33308320e-09 -4.59664133e-09 -2.45325855e-05)
436             	(2.62709597e-08 -5.88674207e-08 -2.18105525e-05)	(3.36251854e-08 -5.42842406e-08 2.72262534e-06)	(-7.35422569e-09 -4.58318007e-09 -2.45331778e-05)
437             	(2.62470719e-08 -5.86661322e-08 -2.18100570e-05)	(3.36236721e-08 -5.40949347e-08 2.72370699e-06)	(-7.37660028e-09 -4.57119744e-09 -2.45337640e-05)
438             	(2.62026653e-08 -5.84720948e-08 -2.18095950e-05)	(3.36028274e-08 -5.39112698e-08 2.72474727e-06)	(-7.40016208e-09 -4.56082500e-09 -2.45343423e-05)
439             	(2.61455460e-08 -5.82834510e-08 -2.18091714e-05)	(3.35703037e-08 -5.37313304e-08 2.72573934e-06)	(-7.42475775e-09 -4.55212066e-09 -2.45349107e-05)
440             	(2.60718408e-08 -5.80974883e-08 -2.18087854e-05)	(3.35220141e-08 -5.35523561e-08 2.72668195e-06)	(-7.45017336e-09 -4.54513219e-09 -2.45354674e-05)
441             	(2.59839206e-08 -5.79173005e-08 -2.18084377e-05)	(3.34601180e-08 -5.33773832e-08 2.72757281e-06)	(-7.47619742e-09 -4.53991726e-09 -2.45360105e-05)
442             	(2.58813360e-08 -5.77468352e-08 -2.18081278e-05)	(3.33839769e-08 -5.32103452e-08 2.72841065e-06)	(-7.50264090e-09 -4.53649008e-09 -2.45365385e-05)
443             	(2.57637688e-08 -5.75891383e-08 -2.18078564e-05)	(3.32930828e-08 -5.30543093e-08 2.72919316e-06)	(-7.52931402e-09 -4.53482893e-09 -2.45370495e-05)
444             	(2.56313921e-08 -5.74451974e-08 -2.18076246e-05)	(3.31874264e-08 -5.29102887e-08 2.72991762e-06)	(-7.55603429e-09 -4.53490863e-09 -2.45375422e-05)
445             	(2.54833953e-08 -5.73152351e-08 -2.18074329e-05)	(3.30660699e-08 -5.27785573e-08 2.73058211e-06)	(-7.58267458e-09 -4.53667779e-09 -2.45380150e-05)
446             	(2.53321772e-08 -5.72005862e-08 -2.18072773e-05)	(3.29412767e-08 -5.26604633e-08 2.73118916e-06)	(-7.60909951e-09 -4.54012290e-09 -2.45384664e-05)
447             	(2.51668145e-08 -5.70981515e-08 -2.18071589e-05)	(3.28019427e-08 -5.25529528e-08 2.73173643e-06)	(-7.63512821e-09 -4.54519873e-09 -2.45388954e-05)
448             	(2.49957695e-08 -5.70123800e-08 -2.18070771e-05)	(3.26563537e-08 -5.24605306e-08 2.73222343e-06)	(-7.66058418e-09 -4.55184936e-09 -2.45393006e-05)
449             	(2.48220819e-08 -5.69450174e-08 -2.18070293e-05)	(3.25074397e-08 -5.23849667e-08 2.73265166e-06)	(-7.68535777e-09 -4.56005065e-09 -2.45396810e-05)
450             	(2.46440608e-08 -5.68936215e-08 -2.18070169e-05)	(3.23534010e-08 -5.23238715e-08 2.73301881e-06)	(-7.70934012e-09 -4.56975005e-09 -2.45400357e-05)
